data_dir,C',HH,SB,VV,N,theta_estimate,delta_phi_estimate,clipped_delta_phi_estimate
2025-06-18--18h-14m-50s,10.0,19.0,6.0,5.0,40.0,1.2132252231493863,0.9137052764144629,0.9137052764144629
2025-06-18--18h-14m-50s,10.0,25.0,4.0,1.0,40.0,0.9272952180016122,1.0104716644478993,1.0104716644478993
2025-06-18--18h-14m-50s,12.0,18.0,9.0,1.0,40.0,1.131834441185136,0.8581711401373867,0.8581711401373867
2025-06-18--18h-14m-50s,9.0,21.0,7.0,3.0,40.0,1.1040309877476002,0.8490214962328763,0.8490214962328763
2025-06-18--18h-14m-50s,7.0,23.0,9.0,1.0,40.0,0.9884320889261531,0.7217748305620204,0.7217748305620204
2025-06-18--18h-14m-50s,11.0,22.0,5.0,2.0,40.0,1.0471975511965976,0.9806805184128198,0.9806805184128198
2025-06-18--18h-14m-50s,6.0,23.0,10.0,1.0,40.0,0.9884320889261531,0.6570910503804337,0.6570910503804337
2025-06-18--18h-14m-50s,6.0,21.0,8.0,5.0,40.0,1.1592794807274087,0.71262518665751,0.71262518665751
2025-06-18--18h-14m-50s,3.0,25.0,6.0,6.0,40.0,1.0758322950780022,0.6127850976142151,0.6127850976142151
2025-06-18--18h-14m-50s,10.0,20.0,8.0,2.0,40.0,1.1040309877476002,0.8419200469343788,0.8419200469343788
2025-06-18--18h-14m-50s,7.0,27.0,1.0,5.0,40.0,0.9884320889261531,1.2181495758420318,1.2181495758420318
2025-06-18--18h-14m-50s,8.0,23.0,7.0,2.0,40.0,1.0180812136981134,0.8192650010037088,0.8192650010037088
2025-06-18--18h-14m-50s,9.0,18.0,9.0,4.0,40.0,1.2132252231493863,0.7853981633974483,0.7853981633974483
2025-06-18--18h-14m-50s,6.0,26.0,7.0,1.0,40.0,0.8956647938578649,0.7463111170047708,0.7463111170047708
2025-06-18--18h-14m-50s,1.0,25.0,10.0,4.0,40.0,1.0180812136981134,0.29526881757654955,0.29526881757654955
2025-06-18--18h-14m-50s,8.0,25.0,5.0,2.0,40.0,0.9581921787462742,0.9036388997985472,0.9036388997985472
2025-06-18--18h-14m-50s,6.0,25.0,6.0,3.0,40.0,0.9884320889261531,0.7853981633974483,0.7853981633974483
2025-06-18--18h-14m-50s,7.0,24.0,9.0,0.0,40.0,0.9272952180016122,0.7217748305620204,0.7217748305620204
2025-06-18--18h-14m-50s,9.0,21.0,7.0,3.0,40.0,1.1040309877476002,0.8490214962328763,0.8490214962328763
2025-06-18--18h-14m-50s,11.0,14.0,11.0,4.0,40.0,1.318116071652818,0.7853981633974483,0.7853981633974483
2025-06-18--18h-14m-50s,7.0,27.0,5.0,1.0,40.0,0.863211890069541,0.8704095214815346,0.8704095214815346
2025-06-18--18h-14m-50s,7.0,19.0,12.0,2.0,40.0,1.131834441185136,0.650173023929723,0.650173023929723
2025-06-18--18h-14m-50s,10.0,20.0,8.0,2.0,40.0,1.1040309877476002,0.8419200469343788,0.8419200469343788
2025-06-18--18h-14m-50s,4.0,24.0,9.0,3.0,40.0,1.0180812136981134,0.5848257882906709,0.5848257882906709
2025-06-18--18h-14m-50s,8.0,23.0,5.0,4.0,40.0,1.0758322950780022,0.9036388997985472,0.9036388997985472
2025-06-18--18h-14m-50s,6.0,25.0,3.0,6.0,40.0,1.0758322950780022,0.9580112291806815,0.9580112291806815
2025-06-18--18h-14m-50s,12.0,21.0,5.0,2.0,40.0,1.0758322950780022,1.001038877611073,1.001038877611073
2025-06-18--18h-14m-50s,4.0,29.0,5.0,2.0,40.0,0.8298316245918765,0.7288762798605178,0.7288762798605178
2025-06-18--18h-14m-50s,8.0,18.0,10.0,4.0,40.0,1.2132252231493863,0.7288762798605178,0.7288762798605178
2025-06-18--18h-14m-50s,6.0,24.0,8.0,2.0,40.0,0.9884320889261531,0.71262518665751,0.71262518665751
2025-06-18--18h-14m-50s,9.0,22.0,8.0,1.0,40.0,1.0180812136981134,0.815275600109404,0.815275600109404
2025-06-18--18h-14m-50s,7.0,17.0,13.0,3.0,40.0,1.2132252231493863,0.6306554619798268,0.6306554619798268
2025-06-18--18h-14m-50s,10.0,21.0,4.0,5.0,40.0,1.1592794807274087,1.0104716644478993,1.0104716644478993
2025-06-18--18h-14m-50s,10.0,20.0,9.0,1.0,40.0,1.0758322950780022,0.8121274303310998,0.8121274303310998
2025-06-18--18h-14m-50s,10.0,21.0,7.0,2.0,40.0,1.0758322950780022,0.8754634103970904,0.8754634103970904
2025-06-18--18h-14m-50s,9.0,20.0,8.0,3.0,40.0,1.131834441185136,0.815275600109404,0.815275600109404
2025-06-18--18h-14m-50s,9.0,24.0,4.0,3.0,40.0,1.0180812136981134,0.9859705385042258,0.9859705385042258
2025-06-18--18h-14m-50s,6.0,23.0,8.0,3.0,40.0,1.0471975511965976,0.71262518665751,0.71262518665751
2025-06-18--18h-14m-50s,10.0,23.0,6.0,1.0,40.0,0.9884320889261531,0.9137052764144629,0.9137052764144629
2025-06-18--18h-14m-50s,7.0,26.0,4.0,3.0,40.0,0.9581921787462742,0.9256712343263707,0.9256712343263707
2025-06-18--18h-14m-50s,8.0,24.0,5.0,3.0,40.0,1.0180812136981134,0.9036388997985472,0.9036388997985472
2025-06-18--18h-14m-50s,7.0,22.0,11.0,0.0,40.0,0.9884320889261531,0.6716154865196413,0.6716154865196413
2025-06-18--18h-14m-50s,7.0,22.0,7.0,4.0,40.0,1.1040309877476002,0.7853981633974483,0.7853981633974483
2025-06-18--18h-14m-50s,5.0,25.0,7.0,3.0,40.0,0.9884320889261531,0.700386805313362,0.700386805313362
2025-06-18--18h-14m-50s,10.0,21.0,8.0,1.0,40.0,1.0471975511965976,0.8419200469343788,0.8419200469343788
2025-06-18--18h-14m-50s,8.0,26.0,5.0,1.0,40.0,0.8956647938578649,0.9036388997985472,0.9036388997985472
2025-06-18--18h-14m-50s,7.0,24.0,9.0,0.0,40.0,0.9272952180016122,0.7217748305620204,0.7217748305620204
2025-06-18--18h-14m-50s,9.0,23.0,7.0,1.0,40.0,0.9884320889261531,0.8490214962328763,0.8490214962328763
2025-06-18--18h-14m-50s,7.0,23.0,6.0,4.0,40.0,1.0758322950780022,0.8244852097901259,0.8244852097901259
2025-06-18--18h-14m-50s,8.0,19.0,9.0,4.0,40.0,1.1863995522992576,0.7555207266854926,0.7555207266854926
2025-06-18--18h-14m-50s,5.0,22.0,11.0,2.0,40.0,1.0471975511965976,0.5901158083820768,0.5901158083820768
2025-06-18--18h-14m-50s,7.0,26.0,5.0,2.0,40.0,0.9272952180016122,0.8704095214815346,0.8704095214815346
2025-06-18--18h-14m-50s,8.0,21.0,10.0,1.0,40.0,1.0471975511965976,0.7288762798605178,0.7288762798605178
2025-06-18--18h-14m-50s,8.0,21.0,7.0,4.0,40.0,1.131834441185136,0.8192650010037088,0.8192650010037088
2025-06-18--18h-14m-50s,8.0,24.0,8.0,0.0,40.0,0.9272952180016122,0.7853981633974483,0.7853981633974483
2025-06-18--18h-14m-50s,4.0,21.0,11.0,4.0,40.0,1.131834441185136,0.5386129051198849,0.5386129051198849
2025-06-18--18h-14m-50s,7.0,27.0,6.0,0.0,40.0,0.8298316245918765,0.8244852097901259,0.8244852097901259
2025-06-18--18h-14m-50s,11.0,20.0,8.0,1.0,40.0,1.0758322950780022,0.8658950588221979,0.8658950588221979
2025-06-18--18h-14m-50s,7.0,28.0,3.0,2.0,40.0,0.863211890069541,0.9944845597691638,0.9944845597691638
2025-06-18--18h-14m-50s,4.0,25.0,8.0,3.0,40.0,0.9884320889261531,0.6127850976142151,0.6127850976142151
2025-06-18--18h-14m-50s,6.0,20.0,11.0,3.0,40.0,1.131834441185136,0.6337872501378314,0.6337872501378314
2025-06-18--18h-14m-50s,7.0,26.0,6.0,1.0,40.0,0.8956647938578649,0.8244852097901259,0.8244852097901259
2025-06-18--18h-14m-50s,8.0,16.0,13.0,3.0,40.0,1.2397845987056022,0.6633286081826654,0.6633286081826654
2025-06-18--18h-14m-50s,6.0,26.0,6.0,2.0,40.0,0.9272952180016122,0.7853981633974483,0.7853981633974483
2025-06-18--18h-14m-50s,7.0,28.0,4.0,1.0,40.0,0.8298316245918765,0.9256712343263707,0.9256712343263707
2025-06-18--18h-14m-50s,9.0,18.0,12.0,1.0,40.0,1.131834441185136,0.71262518665751,0.71262518665751
2025-06-18--18h-14m-50s,10.0,21.0,8.0,1.0,40.0,1.0471975511965976,0.8419200469343788,0.8419200469343788
2025-06-18--18h-14m-50s,7.0,25.0,5.0,3.0,40.0,0.9884320889261531,0.8704095214815346,0.8704095214815346
2025-06-18--18h-14m-50s,10.0,23.0,7.0,0.0,40.0,0.9581921787462742,0.8754634103970904,0.8754634103970904
2025-06-18--18h-14m-50s,10.0,20.0,7.0,3.0,40.0,1.131834441185136,0.8754634103970904,0.8754634103970904
2025-06-18--18h-14m-50s,6.0,21.0,12.0,1.0,40.0,1.0471975511965976,0.6127850976142151,0.6127850976142151
2025-06-18--18h-14m-50s,5.0,22.0,9.0,4.0,40.0,1.1040309877476002,0.6382506465387114,0.6382506465387114
2025-06-18--18h-14m-50s,7.0,19.0,12.0,2.0,40.0,1.131834441185136,0.650173023929723,0.650173023929723
2025-06-18--18h-14m-50s,5.0,26.0,8.0,1.0,40.0,0.8956647938578649,0.6671574269963495,0.6671574269963495
2025-06-18--18h-14m-50s,5.0,22.0,10.0,3.0,40.0,1.0758322950780022,0.6127850976142151,0.6127850976142151
2025-06-18--18h-14m-50s,8.0,22.0,9.0,1.0,40.0,1.0180812136981134,0.7555207266854926,0.7555207266854926
2025-06-18--18h-14m-50s,7.0,23.0,8.0,2.0,40.0,1.0180812136981134,0.7515313257911879,0.7515313257911879
2025-06-18--18h-14m-50s,11.0,18.0,7.0,4.0,40.0,1.2132252231493863,0.8991808402752552,0.8991808402752552
2025-06-18--18h-14m-50s,5.0,30.0,5.0,0.0,40.0,0.7227342478134156,0.7853981633974483,0.7853981633974483
2025-06-18--18h-14m-50s,8.0,28.0,2.0,2.0,40.0,0.863211890069541,1.1128841748018878,1.1128841748018878
2025-06-18--18h-14m-50s,9.0,20.0,9.0,2.0,40.0,1.1040309877476002,0.7853981633974483,0.7853981633974483
2025-06-18--18h-14m-50s,10.0,19.0,9.0,2.0,40.0,1.131834441185136,0.8121274303310998,0.8121274303310998
2025-06-18--18h-14m-50s,11.0,18.0,8.0,3.0,40.0,1.1863995522992576,0.8658950588221979,0.8658950588221979
2025-06-18--18h-14m-50s,14.0,16.0,6.0,4.0,40.0,1.2661036727794992,0.9944845597691638,0.9944845597691638
2025-06-18--18h-14m-50s,5.0,28.0,6.0,1.0,40.0,0.8298316245918765,0.7391856506574815,0.7391856506574815
2025-06-18--18h-14m-50s,8.0,23.0,7.0,2.0,40.0,1.0180812136981134,0.8192650010037088,0.8192650010037088
2025-06-18--18h-14m-50s,7.0,21.0,10.0,2.0,40.0,1.0758322950780022,0.6953329163978061,0.6953329163978061
2025-06-18--18h-14m-50s,1.0,28.0,7.0,4.0,40.0,0.9272952180016122,0.3526467509528649,0.3526467509528649
2025-06-18--18h-14m-50s,10.0,24.0,6.0,0.0,40.0,0.9272952180016122,0.9137052764144629,0.9137052764144629
2025-06-18--18h-14m-50s,10.0,25.0,2.0,3.0,40.0,0.9884320889261531,1.1571145649952337,1.1571145649952337
2025-06-18--18h-14m-50s,5.0,24.0,6.0,5.0,40.0,1.0758322950780022,0.7391856506574815,0.7391856506574815
2025-06-18--18h-14m-50s,7.0,25.0,6.0,2.0,40.0,0.9581921787462742,0.8244852097901259,0.8244852097901259
2025-06-18--18h-14m-50s,13.0,22.0,4.0,1.0,40.0,1.0180812136981134,1.069117485373277,1.069117485373277
2025-06-18--18h-14m-50s,8.0,24.0,6.0,2.0,40.0,0.9884320889261531,0.8581711401373867,0.8581711401373867
2025-06-18--18h-14m-50s,9.0,19.0,5.0,7.0,40.0,1.2661036727794992,0.9325456802561851,0.9325456802561851
2025-06-18--18h-14m-50s,7.0,25.0,6.0,2.0,40.0,0.9581921787462742,0.8244852097901259,0.8244852097901259
2025-06-18--18h-14m-50s,9.0,23.0,7.0,1.0,40.0,0.9884320889261531,0.8490214962328763,0.8490214962328763
2025-06-18--18h-14m-50s,4.0,25.0,9.0,2.0,40.0,0.9581921787462742,0.5848257882906709,0.5848257882906709
2025-06-18--18h-14m-50s,4.0,22.0,11.0,3.0,40.0,1.0758322950780022,0.5386129051198849,0.5386129051198849
2025-06-18--18h-14m-50s,7.0,24.0,5.0,4.0,40.0,1.0471975511965976,0.8704095214815346,0.8704095214815346
2025-06-18--18h-14m-50s,5.0,27.0,5.0,3.0,40.0,0.9272952180016122,0.7853981633974483,0.7853981633974483
2025-06-18--18h-14m-50s,7.0,22.0,10.0,1.0,40.0,1.0180812136981134,0.6953329163978061,0.6953329163978061
2025-06-18--18h-14m-50s,7.0,26.0,4.0,3.0,40.0,0.9581921787462742,0.9256712343263707,0.9256712343263707
2025-06-18--18h-14m-50s,4.0,18.0,14.0,4.0,40.0,1.2132252231493863,0.48577771706979705,0.48577771706979705
2025-06-18--18h-14m-50s,5.0,29.0,6.0,0.0,40.0,0.759761932507315,0.7391856506574815,0.7391856506574815
2025-06-18--18h-14m-50s,8.0,25.0,4.0,3.0,40.0,0.9884320889261531,0.9580112291806815,0.9580112291806815
2025-06-18--18h-14m-50s,7.0,21.0,10.0,2.0,40.0,1.0758322950780022,0.6953329163978061,0.6953329163978061
2025-06-18--18h-14m-50s,12.0,17.0,8.0,3.0,40.0,1.2132252231493863,0.8876318644709721,0.8876318644709721
2025-06-18--18h-14m-50s,7.0,19.0,13.0,1.0,40.0,1.1040309877476002,0.6306554619798268,0.6306554619798268
2025-06-18--18h-14m-50s,7.0,21.0,8.0,4.0,40.0,1.131834441185136,0.7515313257911879,0.7515313257911879
2025-06-18--18h-14m-50s,8.0,23.0,8.0,1.0,40.0,0.9884320889261531,0.7853981633974483,0.7853981633974483
2025-06-18--18h-14m-50s,6.0,25.0,8.0,1.0,40.0,0.9272952180016122,0.71262518665751,0.71262518665751
2025-06-18--18h-14m-50s,5.0,20.0,12.0,3.0,40.0,1.131834441185136,0.5697574491838238,0.5697574491838238
2025-06-18--18h-14m-50s,3.0,27.0,7.0,3.0,40.0,0.9272952180016122,0.5763117670257328,0.5763117670257328
2025-06-18--18h-14m-50s,6.0,23.0,8.0,3.0,40.0,1.0471975511965976,0.71262518665751,0.71262518665751
2025-06-18--18h-14m-50s,7.0,24.0,8.0,1.0,40.0,0.9581921787462742,0.7515313257911879,0.7515313257911879
2025-06-18--18h-14m-50s,7.0,23.0,7.0,3.0,40.0,1.0471975511965976,0.7853981633974483,0.7853981633974483
2025-06-18--18h-14m-50s,10.0,18.0,11.0,1.0,40.0,1.131834441185136,0.7612166323999892,0.7612166323999892
2025-06-18--18h-14m-50s,5.0,26.0,6.0,3.0,40.0,0.9581921787462742,0.7391856506574815,0.7391856506574815
2025-06-18--18h-14m-50s,8.0,25.0,6.0,1.0,40.0,0.9272952180016122,0.8581711401373867,0.8581711401373867
2025-06-18--18h-14m-50s,8.0,23.0,6.0,3.0,40.0,1.0471975511965976,0.8581711401373867,0.8581711401373867
2025-06-18--18h-14m-50s,5.0,30.0,3.0,2.0,40.0,0.7953988301841436,0.9137052764144629,0.9137052764144629
2025-06-18--18h-14m-50s,7.0,23.0,8.0,2.0,40.0,1.0180812136981134,0.7515313257911879,0.7515313257911879
2025-06-18--18h-14m-50s,8.0,24.0,6.0,2.0,40.0,0.9884320889261531,0.8581711401373867,0.8581711401373867
2025-06-18--18h-14m-50s,10.0,19.0,7.0,4.0,40.0,1.1863995522992576,0.8754634103970904,0.8754634103970904
2025-06-18--18h-14m-50s,4.0,24.0,10.0,2.0,40.0,0.9884320889261531,0.5603246623469973,0.5603246623469973
2025-06-18--18h-14m-50s,8.0,23.0,7.0,2.0,40.0,1.0180812136981134,0.8192650010037088,0.8192650010037088
2025-06-18--18h-14m-50s,9.0,19.0,7.0,5.0,40.0,1.2132252231493863,0.8490214962328763,0.8490214962328763
2025-06-18--18h-14m-50s,10.0,24.0,5.0,1.0,40.0,0.9581921787462742,0.9580112291806815,0.9580112291806815
2025-06-18--18h-14m-50s,7.0,24.0,5.0,4.0,40.0,1.0471975511965976,0.8704095214815346,0.8704095214815346
2025-06-18--18h-14m-50s,8.0,21.0,9.0,2.0,40.0,1.0758322950780022,0.7555207266854926,0.7555207266854926
2025-06-18--18h-14m-50s,8.0,23.0,4.0,5.0,40.0,1.1040309877476002,0.9580112291806815,0.9580112291806815
2025-06-18--18h-14m-50s,9.0,24.0,4.0,3.0,40.0,1.0180812136981134,0.9859705385042258,0.9859705385042258
2025-06-18--18h-14m-50s,7.0,19.0,9.0,5.0,40.0,1.2132252231493863,0.7217748305620204,0.7217748305620204
2025-06-18--18h-14m-50s,6.0,24.0,9.0,1.0,40.0,0.9581921787462742,0.6831644623239246,0.6831644623239246
2025-06-18--18h-14m-50s,2.0,27.0,7.0,4.0,40.0,0.9581921787462742,0.48577771706979705,0.48577771706979705
2025-06-18--18h-14m-50s,10.0,20.0,10.0,0.0,40.0,1.0471975511965976,0.7853981633974483,0.7853981633974483
2025-06-18--18h-14m-50s,5.0,24.0,8.0,3.0,40.0,1.0180812136981134,0.6671574269963495,0.6671574269963495
2025-06-18--18h-14m-50s,6.0,20.0,11.0,3.0,40.0,1.131834441185136,0.6337872501378314,0.6337872501378314
2025-06-18--18h-14m-50s,7.0,23.0,6.0,4.0,40.0,1.0758322950780022,0.8244852097901259,0.8244852097901259
2025-06-18--18h-14m-50s,5.0,27.0,4.0,4.0,40.0,0.9581921787462742,0.8419200469343788,0.8419200469343788
2025-06-18--18h-14m-50s,3.0,23.0,10.0,4.0,40.0,1.0758322950780022,0.49621215718473494,0.49621215718473494
2025-06-18--18h-14m-50s,3.0,26.0,8.0,3.0,40.0,0.9581921787462742,0.5455738580307135,0.5455738580307135
2025-06-18--18h-14m-50s,8.0,19.0,11.0,2.0,40.0,1.131834441185136,0.7049012679726987,0.7049012679726987
2025-06-18--18h-14m-50s,10.0,22.0,6.0,2.0,40.0,1.0471975511965976,0.9137052764144629,0.9137052764144629
2025-06-18--18h-14m-50s,3.0,30.0,7.0,0.0,40.0,0.7227342478134156,0.5763117670257328,0.5763117670257328
2025-06-18--18h-14m-50s,6.0,26.0,6.0,2.0,40.0,0.9272952180016122,0.7853981633974483,0.7853981633974483
2025-06-18--18h-14m-50s,8.0,22.0,10.0,0.0,40.0,0.9884320889261531,0.7288762798605178,0.7288762798605178
2025-06-18--18h-14m-50s,6.0,24.0,7.0,3.0,40.0,1.0180812136981134,0.7463111170047708,0.7463111170047708
2025-06-18--18h-14m-50s,9.0,23.0,8.0,0.0,40.0,0.9581921787462742,0.815275600109404,0.815275600109404
2025-06-18--18h-14m-50s,8.0,24.0,7.0,1.0,40.0,0.9581921787462742,0.8192650010037088,0.8192650010037088
2025-06-18--18h-14m-50s,8.0,22.0,6.0,4.0,40.0,1.1040309877476002,0.8581711401373867,0.8581711401373867
2025-06-18--18h-14m-50s,8.0,18.0,10.0,4.0,40.0,1.2132252231493863,0.7288762798605178,0.7288762798605178
2025-06-18--18h-14m-50s,7.0,25.0,4.0,4.0,40.0,1.0180812136981134,0.9256712343263707,0.9256712343263707
2025-06-18--18h-14m-50s,3.0,34.0,3.0,0.0,40.0,0.5548110329800715,0.7853981633974483,0.7853981633974483
2025-06-18--18h-14m-50s,7.0,22.0,7.0,4.0,40.0,1.1040309877476002,0.7853981633974483,0.7853981633974483
2025-06-18--18h-14m-50s,10.0,23.0,6.0,1.0,40.0,0.9884320889261531,0.9137052764144629,0.9137052764144629
2025-06-18--18h-14m-50s,12.0,18.0,8.0,2.0,40.0,1.1592794807274087,0.8876318644709721,0.8876318644709721
2025-06-18--18h-14m-50s,7.0,23.0,7.0,3.0,40.0,1.0471975511965976,0.7853981633974483,0.7853981633974483
2025-06-18--18h-14m-50s,8.0,22.0,5.0,5.0,40.0,1.131834441185136,0.9036388997985472,0.9036388997985472
2025-06-18--18h-14m-50s,8.0,28.0,4.0,0.0,40.0,0.7953988301841436,0.9580112291806815,0.9580112291806815
2025-06-18--18h-14m-50s,5.0,28.0,5.0,2.0,40.0,0.863211890069541,0.7853981633974483,0.7853981633974483
2025-06-18--18h-14m-50s,8.0,21.0,11.0,0.0,40.0,1.0180812136981134,0.7049012679726987,0.7049012679726987
2025-06-18--18h-14m-50s,9.0,21.0,7.0,3.0,40.0,1.1040309877476002,0.8490214962328763,0.8490214962328763
2025-06-18--18h-14m-50s,4.0,18.0,11.0,7.0,40.0,1.292206624403246,0.5386129051198849,0.5386129051198849
2025-06-18--18h-14m-50s,6.0,25.0,7.0,2.0,40.0,0.9581921787462742,0.7463111170047708,0.7463111170047708
2025-06-18--18h-14m-50s,8.0,25.0,6.0,1.0,40.0,0.9272952180016122,0.8581711401373867,0.8581711401373867
2025-06-18--18h-14m-50s,10.0,15.0,11.0,4.0,40.0,1.292206624403246,0.7612166323999892,0.7612166323999892
2025-06-18--18h-14m-50s,10.0,23.0,6.0,1.0,40.0,0.9884320889261531,0.9137052764144629,0.9137052764144629
2025-06-18--18h-14m-50s,7.0,23.0,8.0,2.0,40.0,1.0180812136981134,0.7515313257911879,0.7515313257911879
2025-06-18--18h-14m-50s,9.0,25.0,4.0,2.0,40.0,0.9581921787462742,0.9859705385042258,0.9859705385042258
2025-06-18--18h-14m-50s,7.0,21.0,6.0,6.0,40.0,1.1863995522992576,0.8244852097901259,0.8244852097901259
2025-06-18--18h-14m-50s,9.0,17.0,11.0,3.0,40.0,1.2132252231493863,0.7345491364321179,0.7345491364321179
2025-06-18--18h-14m-50s,6.0,23.0,8.0,3.0,40.0,1.0471975511965976,0.71262518665751,0.71262518665751
2025-06-18--18h-14m-50s,6.0,25.0,5.0,4.0,40.0,1.0180812136981134,0.8316106761374151,0.8316106761374151
2025-06-18--18h-14m-50s,6.0,22.0,8.0,4.0,40.0,1.1040309877476002,0.71262518665751,0.71262518665751
2025-06-18--18h-14m-50s,7.0,22.0,10.0,1.0,40.0,1.0180812136981134,0.6953329163978061,0.6953329163978061
2025-06-18--18h-14m-50s,13.0,20.0,6.0,1.0,40.0,1.0758322950780022,0.9770743045873937,0.9770743045873937
2025-06-18--18h-14m-50s,4.0,28.0,8.0,0.0,40.0,0.7953988301841436,0.6127850976142151,0.6127850976142151
2025-06-18--18h-14m-50s,4.0,25.0,6.0,5.0,40.0,1.0471975511965976,0.6831644623239246,0.6831644623239246
2025-06-18--18h-14m-50s,11.0,22.0,5.0,2.0,40.0,1.0471975511965976,0.9806805184128198,0.9806805184128198
2025-06-18--18h-14m-50s,8.0,26.0,3.0,3.0,40.0,0.9581921787462742,1.0252224687641833,1.0252224687641833
2025-06-18--18h-14m-50s,3.0,28.0,6.0,3.0,40.0,0.8956647938578649,0.6127850976142151,0.6127850976142151
2025-06-18--18h-14m-50s,6.0,26.0,6.0,2.0,40.0,0.9272952180016122,0.7853981633974483,0.7853981633974483
2025-06-18--18h-14m-50s,6.0,18.0,10.0,6.0,40.0,1.2661036727794992,0.6570910503804337,0.6570910503804337
2025-06-18--18h-14m-50s,4.0,28.0,6.0,2.0,40.0,0.863211890069541,0.6831644623239246,0.6831644623239246
2025-06-18--18h-14m-50s,5.0,23.0,11.0,1.0,40.0,0.9884320889261531,0.5901158083820768,0.5901158083820768
2025-06-18--18h-14m-50s,6.0,20.0,13.0,1.0,40.0,1.0758322950780022,0.5937220222075029,0.5937220222075029
2025-06-18--18h-14m-50s,9.0,19.0,6.0,6.0,40.0,1.2397845987056022,0.8876318644709721,0.8876318644709721
2025-06-18--18h-14m-50s,9.0,26.0,3.0,2.0,40.0,0.9272952180016122,1.0516048910611193,1.0516048910611193
2025-06-18--18h-14m-50s,7.0,22.0,11.0,0.0,40.0,0.9884320889261531,0.6716154865196413,0.6716154865196413
2025-06-18--18h-14m-50s,7.0,23.0,8.0,2.0,40.0,1.0180812136981134,0.7515313257911879,0.7515313257911879
2025-06-18--18h-14m-50s,5.0,27.0,7.0,1.0,40.0,0.863211890069541,0.700386805313362,0.700386805313362
2025-06-18--18h-14m-50s,7.0,24.0,6.0,3.0,40.0,1.0180812136981134,0.8244852097901259,0.8244852097901259
2025-06-18--18h-14m-50s,5.0,27.0,7.0,1.0,40.0,0.863211890069541,0.700386805313362,0.700386805313362
2025-06-18--18h-14m-50s,7.0,24.0,4.0,5.0,40.0,1.0758322950780022,0.9256712343263707,0.9256712343263707
2025-06-18--18h-14m-50s,4.0,23.0,11.0,2.0,40.0,1.0180812136981134,0.5386129051198849,0.5386129051198849
2025-06-18--18h-14m-50s,9.0,22.0,8.0,1.0,40.0,1.0180812136981134,0.815275600109404,0.815275600109404
2025-06-18--18h-14m-50s,10.0,22.0,4.0,4.0,40.0,1.1040309877476002,1.0104716644478993,1.0104716644478993
2025-06-18--18h-14m-50s,4.0,28.0,6.0,2.0,40.0,0.863211890069541,0.6831644623239246,0.6831644623239246
2025-06-18--18h-14m-50s,7.0,25.0,4.0,4.0,40.0,1.0180812136981134,0.9256712343263707,0.9256712343263707
2025-06-18--18h-14m-50s,6.0,23.0,6.0,5.0,40.0,1.1040309877476002,0.7853981633974483,0.7853981633974483
2025-06-18--18h-14m-50s,6.0,23.0,7.0,4.0,40.0,1.0758322950780022,0.7463111170047708,0.7463111170047708
2025-06-18--18h-14m-50s,6.0,22.0,8.0,4.0,40.0,1.1040309877476002,0.71262518665751,0.71262518665751
2025-06-18--18h-14m-50s,9.0,23.0,6.0,2.0,40.0,1.0180812136981134,0.8876318644709721,0.8876318644709721
2025-06-18--18h-14m-50s,6.0,22.0,8.0,4.0,40.0,1.1040309877476002,0.71262518665751,0.71262518665751
2025-06-18--18h-14m-50s,6.0,24.0,7.0,3.0,40.0,1.0180812136981134,0.7463111170047708,0.7463111170047708
2025-06-18--18h-14m-50s,8.0,21.0,8.0,3.0,40.0,1.1040309877476002,0.7853981633974483,0.7853981633974483
2025-06-18--18h-14m-50s,5.0,23.0,7.0,5.0,40.0,1.1040309877476002,0.700386805313362,0.700386805313362
2025-06-18--18h-14m-50s,8.0,23.0,7.0,2.0,40.0,1.0180812136981134,0.8192650010037088,0.8192650010037088
2025-06-18--18h-14m-50s,12.0,19.0,6.0,3.0,40.0,1.1592794807274087,0.9580112291806815,0.9580112291806815
2025-06-18--18h-14m-50s,4.0,27.0,8.0,1.0,40.0,0.863211890069541,0.6127850976142151,0.6127850976142151
2025-06-18--18h-14m-50s,9.0,24.0,7.0,0.0,40.0,0.9272952180016122,0.8490214962328763,0.8490214962328763
2025-06-18--18h-14m-50s,14.0,17.0,7.0,2.0,40.0,1.1863995522992576,0.9580112291806815,0.9580112291806815
2025-06-18--18h-14m-50s,9.0,23.0,5.0,3.0,40.0,1.0471975511965976,0.9325456802561851,0.9325456802561851
2025-06-18--18h-14m-50s,3.0,26.0,7.0,4.0,40.0,0.9884320889261531,0.5763117670257328,0.5763117670257328
2025-06-18--18h-14m-50s,4.0,25.0,11.0,0.0,40.0,0.8956647938578649,0.5386129051198849,0.5386129051198849
2025-06-18--18h-14m-50s,5.0,20.0,12.0,3.0,40.0,1.131834441185136,0.5697574491838238,0.5697574491838238
2025-06-18--18h-14m-50s,7.0,25.0,4.0,4.0,40.0,1.0180812136981134,0.9256712343263707,0.9256712343263707
2025-06-18--18h-14m-50s,11.0,19.0,9.0,1.0,40.0,1.1040309877476002,0.8362471903627787,0.8362471903627787
2025-06-18--18h-14m-50s,8.0,28.0,1.0,3.0,40.0,0.8956647938578649,1.2404946075822378,1.2404946075822378
2025-06-18--18h-14m-50s,8.0,22.0,5.0,5.0,40.0,1.131834441185136,0.9036388997985472,0.9036388997985472
2025-06-18--18h-14m-50s,7.0,22.0,8.0,3.0,40.0,1.0758322950780022,0.7515313257911879,0.7515313257911879
2025-06-18--18h-14m-50s,9.0,25.0,5.0,1.0,40.0,0.9272952180016122,0.9325456802561851,0.9325456802561851
2025-06-18--18h-14m-50s,6.0,26.0,7.0,1.0,40.0,0.8956647938578649,0.7463111170047708,0.7463111170047708
2025-06-18--18h-14m-50s,17.0,16.0,3.0,4.0,40.0,1.2661036727794992,1.1806160333608955,1.1806160333608955
2025-06-18--18h-14m-50s,6.0,25.0,9.0,0.0,40.0,0.8956647938578649,0.6831644623239246,0.6831644623239246
2025-06-18--18h-14m-50s,9.0,23.0,8.0,0.0,40.0,0.9581921787462742,0.815275600109404,0.815275600109404
2025-06-18--18h-14m-50s,6.0,22.0,10.0,2.0,40.0,1.0471975511965976,0.6570910503804337,0.6570910503804337
2025-06-18--18h-14m-50s,11.0,18.0,8.0,3.0,40.0,1.1863995522992576,0.8658950588221979,0.8658950588221979
2025-06-18--18h-14m-50s,12.0,23.0,4.0,1.0,40.0,0.9884320889261531,1.0516048910611193,1.0516048910611193
2025-06-18--18h-14m-50s,5.0,23.0,11.0,1.0,40.0,0.9884320889261531,0.5901158083820768,0.5901158083820768
2025-06-18--18h-14m-50s,6.0,26.0,5.0,3.0,40.0,0.9581921787462742,0.8316106761374151,0.8316106761374151
2025-06-18--18h-14m-50s,11.0,24.0,2.0,3.0,40.0,1.0180812136981134,1.1750965499068404,1.1750965499068404
2025-06-18--18h-14m-50s,11.0,19.0,8.0,2.0,40.0,1.131834441185136,0.8658950588221979,0.8658950588221979
2025-06-18--18h-14m-50s,10.0,18.0,11.0,1.0,40.0,1.131834441185136,0.7612166323999892,0.7612166323999892
2025-06-18--18h-14m-50s,8.0,21.0,7.0,4.0,40.0,1.131834441185136,0.8192650010037088,0.8192650010037088
2025-06-18--18h-14m-50s,10.0,19.0,9.0,2.0,40.0,1.131834441185136,0.8121274303310998,0.8121274303310998
2025-06-18--18h-14m-50s,10.0,21.0,9.0,0.0,40.0,1.0180812136981134,0.8121274303310998,0.8121274303310998
2025-06-18--18h-14m-50s,16.0,17.0,4.0,3.0,40.0,1.2132252231493863,1.1128841748018878,1.1128841748018878
2025-06-18--18h-14m-50s,10.0,20.0,7.0,3.0,40.0,1.131834441185136,0.8754634103970904,0.8754634103970904
2025-06-18--18h-14m-50s,6.0,21.0,12.0,1.0,40.0,1.0471975511965976,0.6127850976142151,0.6127850976142151
2025-06-18--18h-14m-50s,6.0,30.0,2.0,2.0,40.0,0.7953988301841436,1.0516048910611193,1.0516048910611193
2025-06-18--18h-14m-50s,3.0,30.0,6.0,1.0,40.0,0.759761932507315,0.6127850976142151,0.6127850976142151
2025-06-18--18h-14m-50s,9.0,23.0,7.0,1.0,40.0,0.9884320889261531,0.8490214962328763,0.8490214962328763
2025-06-18--18h-14m-50s,8.0,24.0,6.0,2.0,40.0,0.9884320889261531,0.8581711401373867,0.8581711401373867
2025-06-18--18h-14m-50s,8.0,25.0,6.0,1.0,40.0,0.9272952180016122,0.8581711401373867,0.8581711401373867
2025-06-18--18h-14m-50s,9.0,23.0,5.0,3.0,40.0,1.0471975511965976,0.9325456802561851,0.9325456802561851
2025-06-18--18h-14m-50s,3.0,30.0,5.0,2.0,40.0,0.7953988301841436,0.6570910503804337,0.6570910503804337
2025-06-18--18h-14m-50s,6.0,29.0,4.0,1.0,40.0,0.7953988301841436,0.8876318644709721,0.8876318644709721
2025-06-18--18h-14m-50s,9.0,20.0,10.0,1.0,40.0,1.0758322950780022,0.7586688964637969,0.7586688964637969
2025-06-18--18h-14m-50s,6.0,27.0,4.0,3.0,40.0,0.9272952180016122,0.8876318644709721,0.8876318644709721
2025-06-18--18h-14m-50s,5.0,19.0,15.0,1.0,40.0,1.1040309877476002,0.5191914357337772,0.5191914357337772
2025-06-18--18h-14m-50s,9.0,23.0,1.0,7.0,40.0,1.1592794807274087,1.2593400758435374,1.2593400758435374
2025-06-18--18h-14m-50s,6.0,23.0,5.0,6.0,40.0,1.131834441185136,0.8316106761374151,0.8316106761374151
2025-06-18--18h-14m-50s,3.0,25.0,10.0,2.0,40.0,0.9581921787462742,0.49621215718473494,0.49621215718473494
2025-06-18--18h-14m-50s,8.0,19.0,10.0,3.0,40.0,1.1592794807274087,0.7288762798605178,0.7288762798605178
2025-06-18--18h-14m-50s,4.0,26.0,9.0,1.0,40.0,0.8956647938578649,0.5848257882906709,0.5848257882906709
2025-06-18--18h-14m-50s,6.0,25.0,6.0,3.0,40.0,0.9884320889261531,0.7853981633974483,0.7853981633974483
2025-06-18--18h-14m-50s,7.0,26.0,5.0,2.0,40.0,0.9272952180016122,0.8704095214815346,0.8704095214815346
2025-06-18--18h-14m-50s,6.0,24.0,9.0,1.0,40.0,0.9581921787462742,0.6831644623239246,0.6831644623239246
2025-06-18--18h-14m-50s,5.0,19.0,14.0,2.0,40.0,1.131834441185136,0.5345590327116865,0.5345590327116865
2025-06-18--18h-14m-50s,8.0,23.0,7.0,2.0,40.0,1.0180812136981134,0.8192650010037088,0.8192650010037088
2025-06-18--18h-14m-50s,13.0,17.0,8.0,2.0,40.0,1.1863995522992576,0.9074677186122313,0.9074677186122313
2025-06-18--18h-14m-50s,5.0,25.0,8.0,2.0,40.0,0.9581921787462742,0.6671574269963495,0.6671574269963495
2025-06-18--18h-14m-50s,4.0,33.0,1.0,2.0,40.0,0.6840812317953292,1.1128841748018878,1.1128841748018878
2025-06-18--18h-14m-50s,10.0,27.0,0.0,3.0,40.0,0.9272952180016122,,1.5707963267948966
2025-06-18--18h-14m-50s,8.0,22.0,8.0,2.0,40.0,1.0471975511965976,0.7853981633974483,0.7853981633974483
2025-06-18--18h-14m-50s,7.0,23.0,5.0,5.0,40.0,1.1040309877476002,0.8704095214815346,0.8704095214815346
2025-06-18--18h-14m-50s,8.0,23.0,6.0,3.0,40.0,1.0471975511965976,0.8581711401373867,0.8581711401373867
2025-06-18--18h-14m-50s,6.0,26.0,6.0,2.0,40.0,0.9272952180016122,0.7853981633974483,0.7853981633974483
2025-06-18--18h-14m-50s,3.0,31.0,5.0,1.0,40.0,0.7227342478134156,0.6570910503804337,0.6570910503804337
2025-06-18--18h-14m-50s,6.0,27.0,5.0,2.0,40.0,0.8956647938578649,0.8316106761374151,0.8316106761374151
2025-06-18--18h-14m-50s,8.0,21.0,9.0,2.0,40.0,1.0758322950780022,0.7555207266854926,0.7555207266854926
2025-06-18--18h-14m-50s,10.0,18.0,3.0,9.0,40.0,1.3438532906163767,1.0745841696101617,1.0745841696101617
2025-06-18--18h-14m-50s,8.0,22.0,8.0,2.0,40.0,1.0471975511965976,0.7853981633974483,0.7853981633974483
2025-06-18--18h-14m-50s,7.0,21.0,10.0,2.0,40.0,1.0758322950780022,0.6953329163978061,0.6953329163978061
2025-06-18--18h-14m-50s,4.0,25.0,8.0,3.0,40.0,0.9884320889261531,0.6127850976142151,0.6127850976142151
2025-06-18--18h-14m-50s,8.0,22.0,6.0,4.0,40.0,1.1040309877476002,0.8581711401373867,0.8581711401373867
2025-06-18--18h-14m-50s,12.0,19.0,7.0,2.0,40.0,1.131834441185136,0.9206233028651737,0.9206233028651737
2025-06-18--18h-14m-50s,7.0,26.0,7.0,0.0,40.0,0.863211890069541,0.7853981633974483,0.7853981633974483
2025-06-18--18h-14m-50s,6.0,21.0,9.0,4.0,40.0,1.131834441185136,0.6831644623239246,0.6831644623239246
2025-06-18--18h-14m-50s,7.0,27.0,5.0,1.0,40.0,0.863211890069541,0.8704095214815346,0.8704095214815346
2025-06-18--18h-14m-50s,8.0,20.0,8.0,4.0,40.0,1.1592794807274087,0.7853981633974483,0.7853981633974483
2025-06-18--18h-14m-50s,5.0,25.0,8.0,2.0,40.0,0.9581921787462742,0.6671574269963495,0.6671574269963495
2025-06-18--18h-14m-50s,8.0,25.0,5.0,2.0,40.0,0.9581921787462742,0.9036388997985472,0.9036388997985472
2025-06-18--18h-14m-50s,5.0,31.0,4.0,0.0,40.0,0.6840812317953292,0.8419200469343788,0.8419200469343788
2025-06-18--18h-14m-50s,1.0,23.0,14.0,2.0,40.0,1.0180812136981134,0.24760952166713798,0.24760952166713798
2025-06-18--18h-14m-50s,6.0,25.0,8.0,1.0,40.0,0.9272952180016122,0.71262518665751,0.71262518665751
2025-06-18--18h-14m-50s,4.0,20.0,9.0,7.0,40.0,1.2397845987056022,0.5848257882906709,0.5848257882906709
2025-06-18--18h-14m-50s,3.0,25.0,10.0,2.0,40.0,0.9581921787462742,0.49621215718473494,0.49621215718473494
2025-06-18--18h-14m-50s,8.0,22.0,7.0,3.0,40.0,1.0758322950780022,0.8192650010037088,0.8192650010037088
2025-06-18--18h-14m-50s,6.0,23.0,9.0,2.0,40.0,1.0180812136981134,0.6831644623239246,0.6831644623239246
2025-06-18--18h-14m-50s,7.0,20.0,6.0,7.0,40.0,1.2397845987056022,0.8244852097901259,0.8244852097901259
2025-06-18--18h-14m-50s,3.0,26.0,11.0,0.0,40.0,0.863211890069541,0.4759536964210182,0.4759536964210182
2025-06-18--18h-14m-50s,13.0,17.0,6.0,4.0,40.0,1.2397845987056022,0.9770743045873937,0.9770743045873937
2025-06-18--18h-14m-50s,9.0,23.0,6.0,2.0,40.0,1.0180812136981134,0.8876318644709721,0.8876318644709721
2025-06-18--18h-14m-50s,5.0,22.0,6.0,7.0,40.0,1.1863995522992576,0.7391856506574815,0.7391856506574815
2025-06-18--18h-14m-50s,7.0,27.0,5.0,1.0,40.0,0.863211890069541,0.8704095214815346,0.8704095214815346
2025-06-18--18h-14m-50s,8.0,25.0,6.0,1.0,40.0,0.9272952180016122,0.8581711401373867,0.8581711401373867
2025-06-18--18h-14m-50s,5.0,21.0,12.0,2.0,40.0,1.0758322950780022,0.5697574491838238,0.5697574491838238
2025-06-18--18h-14m-50s,9.0,18.0,10.0,3.0,40.0,1.1863995522992576,0.7586688964637969,0.7586688964637969
2025-06-18--18h-14m-50s,5.0,27.0,8.0,0.0,40.0,0.8298316245918765,0.6671574269963495,0.6671574269963495
2025-06-18--18h-14m-50s,8.0,21.0,7.0,4.0,40.0,1.131834441185136,0.8192650010037088,0.8192650010037088
2025-06-18--18h-14m-50s,10.0,17.0,11.0,2.0,40.0,1.1863995522992576,0.7612166323999892,0.7612166323999892
2025-06-18--18h-14m-50s,2.0,28.0,7.0,3.0,40.0,0.8956647938578649,0.48577771706979705,0.48577771706979705
2025-06-18--18h-14m-50s,7.0,28.0,5.0,0.0,40.0,0.7953988301841436,0.8704095214815346,0.8704095214815346
2025-06-18--18h-14m-50s,4.0,25.0,9.0,2.0,40.0,0.9581921787462742,0.5848257882906709,0.5848257882906709
2025-06-18--18h-14m-50s,14.0,17.0,9.0,0.0,40.0,1.131834441185136,0.8966651571929984,0.8966651571929984
2025-06-18--18h-14m-50s,6.0,21.0,9.0,4.0,40.0,1.131834441185136,0.6831644623239246,0.6831644623239246
2025-06-18--18h-14m-50s,4.0,29.0,4.0,3.0,40.0,0.863211890069541,0.7853981633974483,0.7853981633974483
2025-06-18--18h-14m-50s,6.0,24.0,9.0,1.0,40.0,0.9581921787462742,0.6831644623239246,0.6831644623239246
2025-06-18--18h-14m-50s,5.0,25.0,6.0,4.0,40.0,1.0180812136981134,0.7391856506574815,0.7391856506574815
2025-06-18--18h-14m-50s,5.0,22.0,5.0,8.0,40.0,1.2132252231493863,0.7853981633974483,0.7853981633974483
2025-06-18--18h-14m-50s,7.0,21.0,9.0,3.0,40.0,1.1040309877476002,0.7217748305620204,0.7217748305620204
2025-06-18--18h-14m-50s,9.0,22.0,6.0,3.0,40.0,1.0758322950780022,0.8876318644709721,0.8876318644709721
2025-06-18--18h-14m-50s,5.0,27.0,5.0,3.0,40.0,0.9272952180016122,0.7853981633974483,0.7853981633974483
2025-06-18--18h-14m-50s,5.0,20.0,12.0,3.0,40.0,1.131834441185136,0.5697574491838238,0.5697574491838238
2025-06-18--18h-14m-50s,9.0,25.0,4.0,2.0,40.0,0.9581921787462742,0.9859705385042258,0.9859705385042258
2025-06-18--18h-14m-50s,8.0,24.0,7.0,1.0,40.0,0.9581921787462742,0.8192650010037088,0.8192650010037088
2025-06-18--18h-14m-50s,5.0,26.0,7.0,2.0,40.0,0.9272952180016122,0.700386805313362,0.700386805313362
2025-06-18--18h-14m-50s,8.0,28.0,3.0,1.0,40.0,0.8298316245918765,1.0252224687641833,1.0252224687641833
2025-06-18--18h-14m-50s,7.0,23.0,7.0,3.0,40.0,1.0471975511965976,0.7853981633974483,0.7853981633974483
2025-06-18--18h-14m-50s,7.0,19.0,12.0,2.0,40.0,1.131834441185136,0.650173023929723,0.650173023929723
2025-06-18--18h-14m-50s,10.0,21.0,7.0,2.0,40.0,1.0758322950780022,0.8754634103970904,0.8754634103970904
2025-06-18--18h-14m-50s,8.0,24.0,7.0,1.0,40.0,0.9581921787462742,0.8192650010037088,0.8192650010037088
2025-06-18--18h-14m-50s,7.0,21.0,9.0,3.0,40.0,1.1040309877476002,0.7217748305620204,0.7217748305620204
2025-06-18--18h-14m-50s,4.0,24.0,7.0,5.0,40.0,1.0758322950780022,0.6451250924685259,0.6451250924685259
2025-06-18--18h-14m-50s,7.0,26.0,4.0,3.0,40.0,0.9581921787462742,0.9256712343263707,0.9256712343263707
2025-06-18--18h-14m-50s,9.0,21.0,9.0,1.0,40.0,1.0471975511965976,0.7853981633974483,0.7853981633974483
2025-06-18--18h-14m-50s,9.0,21.0,7.0,3.0,40.0,1.1040309877476002,0.8490214962328763,0.8490214962328763
2025-06-18--18h-14m-50s,5.0,24.0,9.0,2.0,40.0,0.9884320889261531,0.6382506465387114,0.6382506465387114
2025-06-18--18h-14m-50s,8.0,24.0,6.0,2.0,40.0,0.9884320889261531,0.8581711401373867,0.8581711401373867
2025-06-18--18h-14m-50s,9.0,23.0,7.0,1.0,40.0,0.9884320889261531,0.8490214962328763,0.8490214962328763
2025-06-18--18h-14m-50s,7.0,25.0,5.0,3.0,40.0,0.9884320889261531,0.8704095214815346,0.8704095214815346
2025-06-18--18h-14m-50s,4.0,20.0,14.0,2.0,40.0,1.1040309877476002,0.48577771706979705,0.48577771706979705
2025-06-18--18h-14m-50s,11.0,21.0,7.0,1.0,40.0,1.0471975511965976,0.8991808402752552,0.8991808402752552
2025-06-18--18h-14m-50s,8.0,27.0,5.0,0.0,40.0,0.8298316245918765,0.9036388997985472,0.9036388997985472
2025-06-18--18h-14m-50s,8.0,25.0,5.0,2.0,40.0,0.9581921787462742,0.9036388997985472,0.9036388997985472
2025-06-18--18h-14m-50s,6.0,24.0,9.0,1.0,40.0,0.9581921787462742,0.6831644623239246,0.6831644623239246
2025-06-18--18h-14m-50s,7.0,27.0,6.0,0.0,40.0,0.8298316245918765,0.8244852097901259,0.8244852097901259
2025-06-18--18h-14m-50s,9.0,22.0,5.0,4.0,40.0,1.1040309877476002,0.9325456802561851,0.9325456802561851
2025-06-18--18h-14m-50s,6.0,22.0,10.0,2.0,40.0,1.0471975511965976,0.6570910503804337,0.6570910503804337
2025-06-18--18h-14m-50s,7.0,26.0,5.0,2.0,40.0,0.9272952180016122,0.8704095214815346,0.8704095214815346
2025-06-18--18h-14m-50s,6.0,20.0,11.0,3.0,40.0,1.131834441185136,0.6337872501378314,0.6337872501378314
2025-06-18--18h-14m-50s,6.0,26.0,7.0,1.0,40.0,0.8956647938578649,0.7463111170047708,0.7463111170047708
2025-06-18--18h-14m-50s,6.0,25.0,7.0,2.0,40.0,0.9581921787462742,0.7463111170047708,0.7463111170047708
2025-06-18--18h-14m-50s,9.0,19.0,11.0,1.0,40.0,1.1040309877476002,0.7345491364321179,0.7345491364321179
2025-06-18--18h-14m-50s,11.0,15.0,10.0,4.0,40.0,1.292206624403246,0.8095796943949075,0.8095796943949075
2025-06-18--18h-14m-50s,11.0,20.0,8.0,1.0,40.0,1.0758322950780022,0.8658950588221979,0.8658950588221979
2025-06-18--18h-14m-50s,9.0,20.0,8.0,3.0,40.0,1.131834441185136,0.815275600109404,0.815275600109404
2025-06-18--18h-14m-50s,5.0,21.0,7.0,7.0,40.0,1.2132252231493863,0.700386805313362,0.700386805313362
2025-06-18--18h-14m-50s,10.0,23.0,5.0,2.0,40.0,1.0180812136981134,0.9580112291806815,0.9580112291806815
2025-06-18--18h-14m-50s,5.0,26.0,8.0,1.0,40.0,0.8956647938578649,0.6671574269963495,0.6671574269963495
2025-06-18--18h-14m-50s,10.0,22.0,6.0,2.0,40.0,1.0471975511965976,0.9137052764144629,0.9137052764144629
2025-06-18--18h-14m-50s,11.0,24.0,5.0,0.0,40.0,0.9272952180016122,0.9806805184128198,0.9806805184128198
2025-06-18--18h-14m-50s,7.0,21.0,7.0,5.0,40.0,1.1592794807274087,0.7853981633974483,0.7853981633974483
2025-06-18--18h-14m-50s,7.0,23.0,8.0,2.0,40.0,1.0180812136981134,0.7515313257911879,0.7515313257911879
2025-06-18--18h-14m-50s,4.0,21.0,13.0,2.0,40.0,1.0758322950780022,0.5016788414216197,0.5016788414216197
2025-06-18--18h-14m-50s,4.0,26.0,7.0,3.0,40.0,0.9581921787462742,0.6451250924685259,0.6451250924685259
2025-06-18--18h-14m-50s,6.0,27.0,6.0,1.0,40.0,0.863211890069541,0.7853981633974483,0.7853981633974483
2025-06-18--18h-14m-50s,4.0,26.0,9.0,1.0,40.0,0.8956647938578649,0.5848257882906709,0.5848257882906709
2025-06-18--18h-14m-50s,5.0,21.0,11.0,3.0,40.0,1.1040309877476002,0.5901158083820768,0.5901158083820768
2025-06-18--18h-14m-50s,3.0,25.0,8.0,4.0,40.0,1.0180812136981134,0.5455738580307135,0.5455738580307135
2025-06-18--18h-14m-50s,4.0,23.0,11.0,2.0,40.0,1.0180812136981134,0.5386129051198849,0.5386129051198849
2025-06-18--18h-14m-50s,7.0,26.0,5.0,2.0,40.0,0.9272952180016122,0.8704095214815346,0.8704095214815346
2025-06-18--18h-14m-50s,8.0,24.0,8.0,0.0,40.0,0.9272952180016122,0.7853981633974483,0.7853981633974483
2025-06-18--18h-14m-50s,9.0,27.0,3.0,1.0,40.0,0.863211890069541,1.0516048910611193,1.0516048910611193
2025-06-18--18h-14m-50s,4.0,28.0,7.0,1.0,40.0,0.8298316245918765,0.6451250924685259,0.6451250924685259
2025-06-18--18h-14m-50s,9.0,22.0,8.0,1.0,40.0,1.0180812136981134,0.815275600109404,0.815275600109404
2025-06-18--18h-14m-50s,7.0,24.0,7.0,2.0,40.0,0.9884320889261531,0.7853981633974483,0.7853981633974483
2025-06-18--18h-14m-50s,15.0,17.0,6.0,2.0,40.0,1.1863995522992576,1.0104716644478993,1.0104716644478993
2025-06-18--18h-14m-50s,9.0,19.0,10.0,2.0,40.0,1.131834441185136,0.7586688964637969,0.7586688964637969
2025-06-18--18h-14m-50s,7.0,22.0,9.0,2.0,40.0,1.0471975511965976,0.7217748305620204,0.7217748305620204
2025-06-18--18h-14m-50s,6.0,26.0,7.0,1.0,40.0,0.8956647938578649,0.7463111170047708,0.7463111170047708
2025-06-18--18h-14m-50s,7.0,23.0,9.0,1.0,40.0,0.9884320889261531,0.7217748305620204,0.7217748305620204
2025-06-18--18h-14m-50s,5.0,27.0,8.0,0.0,40.0,0.8298316245918765,0.6671574269963495,0.6671574269963495
2025-06-18--18h-14m-50s,8.0,22.0,8.0,2.0,40.0,1.0471975511965976,0.7853981633974483,0.7853981633974483
2025-06-18--18h-14m-50s,8.0,25.0,6.0,1.0,40.0,0.9272952180016122,0.8581711401373867,0.8581711401373867
2025-06-18--18h-14m-50s,5.0,22.0,9.0,4.0,40.0,1.1040309877476002,0.6382506465387114,0.6382506465387114
2025-06-18--18h-14m-50s,11.0,20.0,6.0,3.0,40.0,1.131834441185136,0.9370090766570651,0.9370090766570651
2025-06-18--18h-14m-50s,11.0,23.0,2.0,4.0,40.0,1.0758322950780022,1.1750965499068404,1.1750965499068404
2025-06-18--18h-14m-50s,5.0,24.0,7.0,4.0,40.0,1.0471975511965976,0.700386805313362,0.700386805313362
2025-06-18--18h-14m-50s,9.0,21.0,6.0,4.0,40.0,1.131834441185136,0.8876318644709721,0.8876318644709721
2025-06-18--18h-14m-50s,9.0,22.0,7.0,2.0,40.0,1.0471975511965976,0.8490214962328763,0.8490214962328763
2025-06-18--18h-14m-50s,5.0,24.0,9.0,2.0,40.0,0.9884320889261531,0.6382506465387114,0.6382506465387114
2025-06-18--18h-14m-50s,5.0,24.0,9.0,2.0,40.0,0.9884320889261531,0.6382506465387114,0.6382506465387114
