data_dir,C',HH,SB,VV,N,theta_estimate,delta_phi_estimate,clipped_delta_phi_estimate
2025-06-19--17h-46m-30s,6.0,30.0,0.0,4.0,40.0,0.863211890069541,,1.5707963267948966
2025-06-19--17h-46m-30s,6.0,34.0,0.0,0.0,40.0,0.5548110329800715,,1.5707963267948966
2025-06-19--17h-46m-30s,8.0,31.0,0.0,1.0,40.0,0.7227342478134156,,1.5707963267948966
2025-06-19--17h-46m-30s,4.0,34.0,1.0,1.0,40.0,0.6005941268660511,1.1128841748018878,1.1128841748018878
2025-06-19--17h-46m-30s,8.0,31.0,0.0,1.0,40.0,0.7227342478134156,,1.5707963267948966
2025-06-19--17h-46m-30s,12.0,27.0,0.0,1.0,40.0,0.863211890069541,,1.5707963267948966
2025-06-19--17h-46m-30s,8.0,32.0,0.0,0.0,40.0,0.6435011087932843,,1.5707963267948966
2025-06-19--17h-46m-30s,6.0,34.0,0.0,0.0,40.0,0.5548110329800715,,1.5707963267948966
2025-06-19--17h-46m-30s,12.0,24.0,1.0,3.0,40.0,1.0180812136981134,1.3020933021597254,1.3020933021597254
2025-06-19--17h-46m-30s,7.0,33.0,0.0,0.0,40.0,0.6005941268660511,,1.5707963267948966
2025-06-19--17h-46m-30s,8.0,30.0,1.0,1.0,40.0,0.759761932507315,1.2404946075822378,1.2404946075822378
2025-06-19--17h-46m-30s,14.0,24.0,0.0,2.0,40.0,0.9884320889261531,,1.5707963267948966
2025-06-19--17h-46m-30s,9.0,31.0,0.0,0.0,40.0,0.6840812317953292,,1.5707963267948966
2025-06-19--17h-46m-30s,10.0,29.0,1.0,0.0,40.0,0.759761932507315,1.2755275092183471,1.2755275092183471
2025-06-19--17h-46m-30s,10.0,29.0,0.0,1.0,40.0,0.7953988301841436,,1.5707963267948966
2025-06-19--17h-46m-30s,10.0,30.0,0.0,0.0,40.0,0.7227342478134156,,1.5707963267948966
2025-06-19--17h-46m-30s,6.0,33.0,0.0,1.0,40.0,0.6435011087932843,,1.5707963267948966
2025-06-19--17h-46m-30s,9.0,30.0,1.0,0.0,40.0,0.7227342478134156,1.2593400758435374,1.2593400758435374
2025-06-19--17h-46m-30s,8.0,31.0,0.0,1.0,40.0,0.7227342478134156,,1.5707963267948966
2025-06-19--17h-46m-30s,13.0,25.0,0.0,2.0,40.0,0.9581921787462742,,1.5707963267948966
2025-06-19--17h-46m-30s,4.0,34.0,1.0,1.0,40.0,0.6005941268660511,1.1128841748018878,1.1128841748018878
2025-06-19--17h-46m-30s,9.0,29.0,0.0,2.0,40.0,0.8298316245918765,,1.5707963267948966
2025-06-19--17h-46m-30s,10.0,29.0,0.0,1.0,40.0,0.7953988301841436,,1.5707963267948966
2025-06-19--17h-46m-30s,5.0,35.0,0.0,0.0,40.0,0.5053605102841573,,1.5707963267948966
2025-06-19--17h-46m-30s,12.0,27.0,1.0,0.0,40.0,0.8298316245918765,1.3020933021597254,1.3020933021597254
2025-06-19--17h-46m-30s,7.0,33.0,0.0,0.0,40.0,0.6005941268660511,,1.5707963267948966
2025-06-19--17h-46m-30s,9.0,28.0,0.0,3.0,40.0,0.8956647938578649,,1.5707963267948966
2025-06-19--17h-46m-30s,6.0,33.0,0.0,1.0,40.0,0.6435011087932843,,1.5707963267948966
2025-06-19--17h-46m-30s,8.0,32.0,0.0,0.0,40.0,0.6435011087932843,,1.5707963267948966
2025-06-19--17h-46m-30s,9.0,31.0,0.0,0.0,40.0,0.6840812317953292,,1.5707963267948966
2025-06-19--17h-46m-30s,14.0,25.0,1.0,0.0,40.0,0.8956647938578649,1.3231868051277587,1.3231868051277587
2025-06-19--17h-46m-30s,12.0,27.0,0.0,1.0,40.0,0.863211890069541,,1.5707963267948966
2025-06-19--17h-46m-30s,9.0,29.0,0.0,2.0,40.0,0.8298316245918765,,1.5707963267948966
2025-06-19--17h-46m-30s,6.0,33.0,0.0,1.0,40.0,0.6435011087932843,,1.5707963267948966
2025-06-19--17h-46m-30s,12.0,28.0,0.0,0.0,40.0,0.7953988301841436,,1.5707963267948966
2025-06-19--17h-46m-30s,6.0,34.0,0.0,0.0,40.0,0.5548110329800715,,1.5707963267948966
2025-06-19--17h-46m-30s,5.0,35.0,0.0,0.0,40.0,0.5053605102841573,,1.5707963267948966
2025-06-19--17h-46m-30s,9.0,31.0,0.0,0.0,40.0,0.6840812317953292,,1.5707963267948966
2025-06-19--17h-46m-30s,5.0,34.0,0.0,1.0,40.0,0.6005941268660511,,1.5707963267948966
2025-06-19--17h-46m-30s,6.0,34.0,0.0,0.0,40.0,0.5548110329800715,,1.5707963267948966
2025-06-19--17h-46m-30s,3.0,37.0,0.0,0.0,40.0,0.3897607327974747,,1.5707963267948966
2025-06-19--17h-46m-30s,6.0,33.0,0.0,1.0,40.0,0.6435011087932843,,1.5707963267948966
2025-06-19--17h-46m-30s,6.0,32.0,0.0,2.0,40.0,0.7227342478134156,,1.5707963267948966
2025-06-19--17h-46m-30s,9.0,30.0,0.0,1.0,40.0,0.759761932507315,,1.5707963267948966
2025-06-19--17h-46m-30s,6.0,34.0,0.0,0.0,40.0,0.5548110329800715,,1.5707963267948966
2025-06-19--17h-46m-30s,11.0,29.0,0.0,0.0,40.0,0.759761932507315,,1.5707963267948966
2025-06-19--17h-46m-30s,7.0,33.0,0.0,0.0,40.0,0.6005941268660511,,1.5707963267948966
2025-06-19--17h-46m-30s,9.0,30.0,0.0,1.0,40.0,0.759761932507315,,1.5707963267948966
2025-06-19--17h-46m-30s,7.0,33.0,0.0,0.0,40.0,0.6005941268660511,,1.5707963267948966
2025-06-19--17h-46m-30s,3.0,37.0,0.0,0.0,40.0,0.3897607327974747,,1.5707963267948966
2025-06-19--17h-46m-30s,4.0,33.0,2.0,1.0,40.0,0.6435011087932843,0.9580112291806815,0.9580112291806815
2025-06-19--17h-46m-30s,8.0,30.0,1.0,1.0,40.0,0.759761932507315,1.2404946075822378,1.2404946075822378
2025-06-19--17h-46m-30s,5.0,34.0,0.0,1.0,40.0,0.6005941268660511,,1.5707963267948966
2025-06-19--17h-46m-30s,8.0,31.0,0.0,1.0,40.0,0.7227342478134156,,1.5707963267948966
2025-06-19--17h-46m-30s,8.0,32.0,0.0,0.0,40.0,0.6435011087932843,,1.5707963267948966
2025-06-19--17h-46m-30s,8.0,29.0,2.0,1.0,40.0,0.7953988301841436,1.1128841748018878,1.1128841748018878
2025-06-19--17h-46m-30s,6.0,32.0,0.0,2.0,40.0,0.7227342478134156,,1.5707963267948966
2025-06-19--17h-46m-30s,8.0,32.0,0.0,0.0,40.0,0.6435011087932843,,1.5707963267948966
2025-06-19--17h-46m-30s,14.0,24.0,0.0,2.0,40.0,0.9884320889261531,,1.5707963267948966
2025-06-19--17h-46m-30s,7.0,32.0,0.0,1.0,40.0,0.6840812317953292,,1.5707963267948966
2025-06-19--17h-46m-30s,2.0,36.0,1.0,1.0,40.0,0.5053605102841573,0.9580112291806815,0.9580112291806815
2025-06-19--17h-46m-30s,11.0,29.0,0.0,0.0,40.0,0.759761932507315,,1.5707963267948966
2025-06-19--17h-46m-30s,9.0,28.0,1.0,2.0,40.0,0.863211890069541,1.2593400758435374,1.2593400758435374
2025-06-19--17h-46m-30s,8.0,31.0,0.0,1.0,40.0,0.7227342478134156,,1.5707963267948966
2025-06-19--17h-46m-30s,13.0,26.0,0.0,1.0,40.0,0.8956647938578649,,1.5707963267948966
2025-06-19--17h-46m-30s,10.0,29.0,0.0,1.0,40.0,0.7953988301841436,,1.5707963267948966
2025-06-19--17h-46m-30s,7.0,33.0,0.0,0.0,40.0,0.6005941268660511,,1.5707963267948966
2025-06-19--17h-46m-30s,11.0,27.0,2.0,0.0,40.0,0.8298316245918765,1.1750965499068404,1.1750965499068404
2025-06-19--17h-46m-30s,8.0,31.0,0.0,1.0,40.0,0.7227342478134156,,1.5707963267948966
2025-06-19--17h-46m-30s,5.0,35.0,0.0,0.0,40.0,0.5053605102841573,,1.5707963267948966
2025-06-19--17h-46m-30s,11.0,28.0,0.0,1.0,40.0,0.8298316245918765,,1.5707963267948966
2025-06-19--17h-46m-30s,12.0,27.0,1.0,0.0,40.0,0.8298316245918765,1.3020933021597254,1.3020933021597254
2025-06-19--17h-46m-30s,7.0,32.0,0.0,1.0,40.0,0.6840812317953292,,1.5707963267948966
2025-06-19--17h-46m-30s,7.0,31.0,1.0,1.0,40.0,0.7227342478134156,1.2181495758420318,1.2181495758420318
2025-06-19--17h-46m-30s,6.0,32.0,0.0,2.0,40.0,0.7227342478134156,,1.5707963267948966
2025-06-19--17h-46m-30s,8.0,30.0,1.0,1.0,40.0,0.759761932507315,1.2404946075822378,1.2404946075822378
2025-06-19--17h-46m-30s,6.0,34.0,0.0,0.0,40.0,0.5548110329800715,,1.5707963267948966
2025-06-19--17h-46m-30s,4.0,36.0,0.0,0.0,40.0,0.45102681179626236,,1.5707963267948966
2025-06-19--17h-46m-30s,11.0,29.0,0.0,0.0,40.0,0.759761932507315,,1.5707963267948966
2025-06-19--17h-46m-30s,9.0,30.0,0.0,1.0,40.0,0.759761932507315,,1.5707963267948966
2025-06-19--17h-46m-30s,9.0,28.0,0.0,3.0,40.0,0.8956647938578649,,1.5707963267948966
2025-06-19--17h-46m-30s,11.0,29.0,0.0,0.0,40.0,0.759761932507315,,1.5707963267948966
2025-06-19--17h-46m-30s,9.0,31.0,0.0,0.0,40.0,0.6840812317953292,,1.5707963267948966
2025-06-19--17h-46m-30s,7.0,32.0,0.0,1.0,40.0,0.6840812317953292,,1.5707963267948966
2025-06-19--17h-46m-30s,9.0,29.0,0.0,2.0,40.0,0.8298316245918765,,1.5707963267948966
2025-06-19--17h-46m-30s,9.0,31.0,0.0,0.0,40.0,0.6840812317953292,,1.5707963267948966
2025-06-19--17h-46m-30s,11.0,29.0,0.0,0.0,40.0,0.759761932507315,,1.5707963267948966
2025-06-19--17h-46m-30s,7.0,33.0,0.0,0.0,40.0,0.6005941268660511,,1.5707963267948966
2025-06-19--17h-46m-30s,6.0,33.0,0.0,1.0,40.0,0.6435011087932843,,1.5707963267948966
2025-06-19--17h-46m-30s,9.0,31.0,0.0,0.0,40.0,0.6840812317953292,,1.5707963267948966
2025-06-19--17h-46m-30s,7.0,32.0,0.0,1.0,40.0,0.6840812317953292,,1.5707963267948966
2025-06-19--17h-46m-30s,11.0,28.0,0.0,1.0,40.0,0.8298316245918765,,1.5707963267948966
2025-06-19--17h-46m-30s,9.0,29.0,0.0,2.0,40.0,0.8298316245918765,,1.5707963267948966
2025-06-19--17h-46m-30s,5.0,33.0,0.0,2.0,40.0,0.6840812317953292,,1.5707963267948966
2025-06-19--17h-46m-30s,12.0,27.0,0.0,1.0,40.0,0.863211890069541,,1.5707963267948966
2025-06-19--17h-46m-30s,5.0,34.0,0.0,1.0,40.0,0.6005941268660511,,1.5707963267948966
2025-06-19--17h-46m-30s,5.0,32.0,1.0,2.0,40.0,0.7227342478134156,1.1571145649952337,1.1571145649952337
2025-06-19--17h-46m-30s,11.0,28.0,1.0,0.0,40.0,0.7953988301841436,1.2896393359559175,1.2896393359559175
2025-06-19--17h-46m-30s,11.0,27.0,0.0,2.0,40.0,0.8956647938578649,,1.5707963267948966
2025-06-19--17h-46m-30s,6.0,34.0,0.0,0.0,40.0,0.5548110329800715,,1.5707963267948966
2025-06-19--17h-46m-30s,10.0,29.0,1.0,0.0,40.0,0.759761932507315,1.2755275092183471,1.2755275092183471
2025-06-19--17h-46m-30s,5.0,33.0,0.0,2.0,40.0,0.6840812317953292,,1.5707963267948966
2025-06-19--17h-46m-30s,10.0,30.0,0.0,0.0,40.0,0.7227342478134156,,1.5707963267948966
2025-06-19--17h-46m-30s,7.0,33.0,0.0,0.0,40.0,0.6005941268660511,,1.5707963267948966
2025-06-19--17h-46m-30s,11.0,29.0,0.0,0.0,40.0,0.759761932507315,,1.5707963267948966
2025-06-19--17h-46m-30s,9.0,31.0,0.0,0.0,40.0,0.6840812317953292,,1.5707963267948966
2025-06-19--17h-46m-30s,8.0,32.0,0.0,0.0,40.0,0.6435011087932843,,1.5707963267948966
2025-06-19--17h-46m-30s,11.0,28.0,0.0,1.0,40.0,0.8298316245918765,,1.5707963267948966
2025-06-19--17h-46m-30s,9.0,31.0,0.0,0.0,40.0,0.6840812317953292,,1.5707963267948966
2025-06-19--17h-46m-30s,8.0,30.0,0.0,2.0,40.0,0.7953988301841436,,1.5707963267948966
2025-06-19--17h-46m-30s,6.0,34.0,0.0,0.0,40.0,0.5548110329800715,,1.5707963267948966
2025-06-19--17h-46m-30s,9.0,30.0,1.0,0.0,40.0,0.7227342478134156,1.2593400758435374,1.2593400758435374
2025-06-19--17h-46m-30s,6.0,33.0,0.0,1.0,40.0,0.6435011087932843,,1.5707963267948966
2025-06-19--17h-46m-30s,6.0,32.0,1.0,1.0,40.0,0.6840812317953292,1.191033823212813,1.191033823212813
2025-06-19--17h-46m-30s,9.0,30.0,1.0,0.0,40.0,0.7227342478134156,1.2593400758435374,1.2593400758435374
2025-06-19--17h-46m-30s,9.0,29.0,0.0,2.0,40.0,0.8298316245918765,,1.5707963267948966
2025-06-19--17h-46m-30s,8.0,32.0,0.0,0.0,40.0,0.6435011087932843,,1.5707963267948966
2025-06-19--17h-46m-30s,9.0,30.0,0.0,1.0,40.0,0.759761932507315,,1.5707963267948966
2025-06-19--17h-46m-30s,7.0,32.0,0.0,1.0,40.0,0.6840812317953292,,1.5707963267948966
2025-06-19--17h-46m-30s,6.0,32.0,0.0,2.0,40.0,0.7227342478134156,,1.5707963267948966
2025-06-19--17h-46m-30s,5.0,33.0,0.0,2.0,40.0,0.6840812317953292,,1.5707963267948966
2025-06-19--17h-46m-30s,9.0,30.0,0.0,1.0,40.0,0.759761932507315,,1.5707963267948966
2025-06-19--17h-46m-30s,7.0,31.0,0.0,2.0,40.0,0.759761932507315,,1.5707963267948966
2025-06-19--17h-46m-30s,13.0,27.0,0.0,0.0,40.0,0.8298316245918765,,1.5707963267948966
2025-06-19--17h-46m-30s,11.0,28.0,0.0,1.0,40.0,0.8298316245918765,,1.5707963267948966
2025-06-19--17h-46m-30s,7.0,30.0,0.0,3.0,40.0,0.8298316245918765,,1.5707963267948966
2025-06-19--17h-46m-30s,8.0,32.0,0.0,0.0,40.0,0.6435011087932843,,1.5707963267948966
2025-06-19--17h-46m-30s,8.0,30.0,0.0,2.0,40.0,0.7953988301841436,,1.5707963267948966
2025-06-19--17h-46m-30s,10.0,29.0,0.0,1.0,40.0,0.7953988301841436,,1.5707963267948966
2025-06-19--17h-46m-30s,13.0,26.0,1.0,0.0,40.0,0.863211890069541,1.3131979465496593,1.3131979465496593
2025-06-19--17h-46m-30s,2.0,38.0,0.0,0.0,40.0,0.3175604292915215,,1.5707963267948966
2025-06-19--17h-46m-30s,5.0,35.0,0.0,0.0,40.0,0.5053605102841573,,1.5707963267948966
2025-06-19--17h-46m-30s,10.0,29.0,0.0,1.0,40.0,0.7953988301841436,,1.5707963267948966
2025-06-19--17h-46m-30s,7.0,33.0,0.0,0.0,40.0,0.6005941268660511,,1.5707963267948966
2025-06-19--17h-46m-30s,2.0,37.0,1.0,0.0,40.0,0.3897607327974747,0.9580112291806815,0.9580112291806815
2025-06-19--17h-46m-30s,9.0,30.0,0.0,1.0,40.0,0.759761932507315,,1.5707963267948966
2025-06-19--17h-46m-30s,8.0,30.0,2.0,0.0,40.0,0.7227342478134156,1.1128841748018878,1.1128841748018878
2025-06-19--17h-46m-30s,13.0,26.0,1.0,0.0,40.0,0.863211890069541,1.3131979465496593,1.3131979465496593
2025-06-19--17h-46m-30s,6.0,33.0,0.0,1.0,40.0,0.6435011087932843,,1.5707963267948966
2025-06-19--17h-46m-30s,5.0,35.0,0.0,0.0,40.0,0.5053605102841573,,1.5707963267948966
2025-06-19--17h-46m-30s,13.0,27.0,0.0,0.0,40.0,0.8298316245918765,,1.5707963267948966
2025-06-19--17h-46m-30s,12.0,27.0,0.0,1.0,40.0,0.863211890069541,,1.5707963267948966
2025-06-19--17h-46m-30s,9.0,31.0,0.0,0.0,40.0,0.6840812317953292,,1.5707963267948966
2025-06-19--17h-46m-30s,11.0,28.0,0.0,1.0,40.0,0.8298316245918765,,1.5707963267948966
2025-06-19--17h-46m-30s,5.0,35.0,0.0,0.0,40.0,0.5053605102841573,,1.5707963267948966
2025-06-19--17h-46m-30s,7.0,32.0,1.0,0.0,40.0,0.6435011087932843,1.2181495758420318,1.2181495758420318
2025-06-19--17h-46m-30s,11.0,27.0,0.0,2.0,40.0,0.8956647938578649,,1.5707963267948966
2025-06-19--17h-46m-30s,7.0,30.0,0.0,3.0,40.0,0.8298316245918765,,1.5707963267948966
2025-06-19--17h-46m-30s,7.0,32.0,0.0,1.0,40.0,0.6840812317953292,,1.5707963267948966
2025-06-19--17h-46m-30s,8.0,32.0,0.0,0.0,40.0,0.6435011087932843,,1.5707963267948966
2025-06-19--17h-46m-30s,9.0,31.0,0.0,0.0,40.0,0.6840812317953292,,1.5707963267948966
2025-06-19--17h-46m-30s,9.0,31.0,0.0,0.0,40.0,0.6840812317953292,,1.5707963267948966
2025-06-19--17h-46m-30s,7.0,31.0,0.0,2.0,40.0,0.759761932507315,,1.5707963267948966
2025-06-19--17h-46m-30s,6.0,32.0,1.0,1.0,40.0,0.6840812317953292,1.191033823212813,1.191033823212813
2025-06-19--17h-46m-30s,9.0,31.0,0.0,0.0,40.0,0.6840812317953292,,1.5707963267948966
2025-06-19--17h-46m-30s,8.0,32.0,0.0,0.0,40.0,0.6435011087932843,,1.5707963267948966
2025-06-19--17h-46m-30s,8.0,32.0,0.0,0.0,40.0,0.6435011087932843,,1.5707963267948966
2025-06-19--17h-46m-30s,13.0,27.0,0.0,0.0,40.0,0.8298316245918765,,1.5707963267948966
2025-06-19--17h-46m-30s,14.0,26.0,0.0,0.0,40.0,0.863211890069541,,1.5707963267948966
2025-06-19--17h-46m-30s,10.0,30.0,0.0,0.0,40.0,0.7227342478134156,,1.5707963267948966
2025-06-19--17h-46m-30s,8.0,30.0,1.0,1.0,40.0,0.759761932507315,1.2404946075822378,1.2404946075822378
2025-06-19--17h-46m-30s,13.0,25.0,0.0,2.0,40.0,0.9581921787462742,,1.5707963267948966
2025-06-19--17h-46m-30s,10.0,29.0,0.0,1.0,40.0,0.7953988301841436,,1.5707963267948966
2025-06-19--17h-46m-30s,12.0,27.0,0.0,1.0,40.0,0.863211890069541,,1.5707963267948966
2025-06-19--17h-46m-30s,8.0,30.0,1.0,1.0,40.0,0.759761932507315,1.2404946075822378,1.2404946075822378
2025-06-19--17h-46m-30s,5.0,34.0,0.0,1.0,40.0,0.6005941268660511,,1.5707963267948966
2025-06-19--17h-46m-30s,9.0,30.0,0.0,1.0,40.0,0.759761932507315,,1.5707963267948966
2025-06-19--17h-46m-30s,9.0,29.0,0.0,2.0,40.0,0.8298316245918765,,1.5707963267948966
2025-06-19--17h-46m-30s,8.0,32.0,0.0,0.0,40.0,0.6435011087932843,,1.5707963267948966
2025-06-19--17h-46m-30s,6.0,33.0,0.0,1.0,40.0,0.6435011087932843,,1.5707963267948966
2025-06-19--17h-46m-30s,6.0,34.0,0.0,0.0,40.0,0.5548110329800715,,1.5707963267948966
2025-06-19--17h-46m-30s,7.0,31.0,0.0,2.0,40.0,0.759761932507315,,1.5707963267948966
2025-06-19--17h-46m-30s,7.0,31.0,1.0,1.0,40.0,0.7227342478134156,1.2181495758420318,1.2181495758420318
2025-06-19--17h-46m-30s,7.0,33.0,0.0,0.0,40.0,0.6005941268660511,,1.5707963267948966
2025-06-19--17h-46m-30s,14.0,23.0,1.0,2.0,40.0,1.0180812136981134,1.3231868051277587,1.3231868051277587
2025-06-19--17h-46m-30s,9.0,31.0,0.0,0.0,40.0,0.6840812317953292,,1.5707963267948966
2025-06-19--17h-46m-30s,9.0,31.0,0.0,0.0,40.0,0.6840812317953292,,1.5707963267948966
2025-06-19--17h-46m-30s,9.0,31.0,0.0,0.0,40.0,0.6840812317953292,,1.5707963267948966
2025-06-19--17h-46m-30s,11.0,29.0,0.0,0.0,40.0,0.759761932507315,,1.5707963267948966
2025-06-19--17h-46m-30s,6.0,31.0,0.0,3.0,40.0,0.7953988301841436,,1.5707963267948966
2025-06-19--17h-46m-30s,8.0,32.0,0.0,0.0,40.0,0.6435011087932843,,1.5707963267948966
2025-06-19--17h-46m-30s,8.0,32.0,0.0,0.0,40.0,0.6435011087932843,,1.5707963267948966
2025-06-19--17h-46m-30s,16.0,24.0,0.0,0.0,40.0,0.9272952180016122,,1.5707963267948966
2025-06-19--17h-46m-30s,8.0,30.0,0.0,2.0,40.0,0.7953988301841436,,1.5707963267948966
2025-06-19--17h-46m-30s,13.0,27.0,0.0,0.0,40.0,0.8298316245918765,,1.5707963267948966
2025-06-19--17h-46m-30s,9.0,29.0,1.0,1.0,40.0,0.7953988301841436,1.2593400758435374,1.2593400758435374
2025-06-19--17h-46m-30s,13.0,27.0,0.0,0.0,40.0,0.8298316245918765,,1.5707963267948966
2025-06-19--17h-46m-30s,7.0,32.0,0.0,1.0,40.0,0.6840812317953292,,1.5707963267948966
2025-06-19--17h-46m-30s,6.0,33.0,0.0,1.0,40.0,0.6435011087932843,,1.5707963267948966
2025-06-19--17h-46m-30s,7.0,32.0,0.0,1.0,40.0,0.6840812317953292,,1.5707963267948966
2025-06-19--17h-46m-30s,13.0,27.0,0.0,0.0,40.0,0.8298316245918765,,1.5707963267948966
2025-06-19--17h-46m-30s,10.0,30.0,0.0,0.0,40.0,0.7227342478134156,,1.5707963267948966
2025-06-19--17h-46m-30s,6.0,33.0,0.0,1.0,40.0,0.6435011087932843,,1.5707963267948966
2025-06-19--17h-46m-30s,7.0,32.0,0.0,1.0,40.0,0.6840812317953292,,1.5707963267948966
2025-06-19--17h-46m-30s,7.0,33.0,0.0,0.0,40.0,0.6005941268660511,,1.5707963267948966
2025-06-19--17h-46m-30s,7.0,31.0,1.0,1.0,40.0,0.7227342478134156,1.2181495758420318,1.2181495758420318
2025-06-19--17h-46m-30s,7.0,31.0,0.0,2.0,40.0,0.759761932507315,,1.5707963267948966
2025-06-19--17h-46m-30s,8.0,32.0,0.0,0.0,40.0,0.6435011087932843,,1.5707963267948966
2025-06-19--17h-46m-30s,12.0,28.0,0.0,0.0,40.0,0.7953988301841436,,1.5707963267948966
2025-06-19--17h-46m-30s,6.0,34.0,0.0,0.0,40.0,0.5548110329800715,,1.5707963267948966
2025-06-19--17h-46m-30s,12.0,26.0,1.0,1.0,40.0,0.8956647938578649,1.3020933021597254,1.3020933021597254
2025-06-19--17h-46m-30s,7.0,33.0,0.0,0.0,40.0,0.6005941268660511,,1.5707963267948966
2025-06-19--17h-46m-30s,4.0,34.0,0.0,2.0,40.0,0.6435011087932843,,1.5707963267948966
2025-06-19--17h-46m-30s,7.0,33.0,0.0,0.0,40.0,0.6005941268660511,,1.5707963267948966
2025-06-19--17h-46m-30s,6.0,34.0,0.0,0.0,40.0,0.5548110329800715,,1.5707963267948966
2025-06-19--17h-46m-30s,7.0,32.0,0.0,1.0,40.0,0.6840812317953292,,1.5707963267948966
2025-06-19--17h-46m-30s,10.0,29.0,0.0,1.0,40.0,0.7953988301841436,,1.5707963267948966
2025-06-19--17h-46m-30s,8.0,31.0,0.0,1.0,40.0,0.7227342478134156,,1.5707963267948966
2025-06-19--17h-46m-30s,6.0,33.0,0.0,1.0,40.0,0.6435011087932843,,1.5707963267948966
2025-06-19--17h-46m-30s,8.0,32.0,0.0,0.0,40.0,0.6435011087932843,,1.5707963267948966
2025-06-19--17h-46m-30s,8.0,31.0,0.0,1.0,40.0,0.7227342478134156,,1.5707963267948966
2025-06-19--17h-46m-30s,9.0,30.0,0.0,1.0,40.0,0.759761932507315,,1.5707963267948966
2025-06-19--17h-46m-30s,6.0,33.0,0.0,1.0,40.0,0.6435011087932843,,1.5707963267948966
2025-06-19--17h-46m-30s,9.0,31.0,0.0,0.0,40.0,0.6840812317953292,,1.5707963267948966
2025-06-19--17h-46m-30s,9.0,31.0,0.0,0.0,40.0,0.6840812317953292,,1.5707963267948966
2025-06-19--17h-46m-30s,14.0,26.0,0.0,0.0,40.0,0.863211890069541,,1.5707963267948966
2025-06-19--17h-46m-30s,6.0,34.0,0.0,0.0,40.0,0.5548110329800715,,1.5707963267948966
2025-06-19--17h-46m-30s,10.0,28.0,0.0,2.0,40.0,0.863211890069541,,1.5707963267948966
2025-06-19--17h-46m-30s,12.0,26.0,1.0,1.0,40.0,0.8956647938578649,1.3020933021597254,1.3020933021597254
2025-06-19--17h-46m-30s,8.0,30.0,0.0,2.0,40.0,0.7953988301841436,,1.5707963267948966
2025-06-19--17h-46m-30s,6.0,33.0,0.0,1.0,40.0,0.6435011087932843,,1.5707963267948966
2025-06-19--17h-46m-30s,8.0,32.0,0.0,0.0,40.0,0.6435011087932843,,1.5707963267948966
2025-06-19--17h-46m-30s,5.0,35.0,0.0,0.0,40.0,0.5053605102841573,,1.5707963267948966
2025-06-19--17h-46m-30s,10.0,30.0,0.0,0.0,40.0,0.7227342478134156,,1.5707963267948966
2025-06-19--17h-46m-30s,7.0,32.0,0.0,1.0,40.0,0.6840812317953292,,1.5707963267948966
2025-06-19--17h-46m-30s,7.0,33.0,0.0,0.0,40.0,0.6005941268660511,,1.5707963267948966
2025-06-19--17h-46m-30s,12.0,27.0,1.0,0.0,40.0,0.8298316245918765,1.3020933021597254,1.3020933021597254
2025-06-19--17h-46m-30s,10.0,30.0,0.0,0.0,40.0,0.7227342478134156,,1.5707963267948966
2025-06-19--17h-46m-30s,13.0,27.0,0.0,0.0,40.0,0.8298316245918765,,1.5707963267948966
2025-06-19--17h-46m-30s,4.0,35.0,0.0,1.0,40.0,0.5548110329800715,,1.5707963267948966
2025-06-19--17h-46m-30s,11.0,28.0,0.0,1.0,40.0,0.8298316245918765,,1.5707963267948966
2025-06-19--17h-46m-30s,7.0,33.0,0.0,0.0,40.0,0.6005941268660511,,1.5707963267948966
2025-06-19--17h-46m-30s,6.0,33.0,0.0,1.0,40.0,0.6435011087932843,,1.5707963267948966
2025-06-19--17h-46m-30s,7.0,33.0,0.0,0.0,40.0,0.6005941268660511,,1.5707963267948966
2025-06-19--17h-46m-30s,4.0,36.0,0.0,0.0,40.0,0.45102681179626236,,1.5707963267948966
2025-06-19--17h-46m-30s,8.0,31.0,0.0,1.0,40.0,0.7227342478134156,,1.5707963267948966
2025-06-19--17h-46m-30s,8.0,32.0,0.0,0.0,40.0,0.6435011087932843,,1.5707963267948966
2025-06-19--17h-46m-30s,15.0,22.0,0.0,3.0,40.0,1.0758322950780022,,1.5707963267948966
2025-06-19--17h-46m-30s,11.0,28.0,0.0,1.0,40.0,0.8298316245918765,,1.5707963267948966
2025-06-19--17h-46m-30s,10.0,30.0,0.0,0.0,40.0,0.7227342478134156,,1.5707963267948966
2025-06-19--17h-46m-30s,8.0,31.0,1.0,0.0,40.0,0.6840812317953292,1.2404946075822378,1.2404946075822378
2025-06-19--17h-46m-30s,1.0,39.0,0.0,0.0,40.0,0.22407528530181936,,1.5707963267948966
2025-06-19--17h-46m-30s,7.0,32.0,0.0,1.0,40.0,0.6840812317953292,,1.5707963267948966
2025-06-19--17h-46m-30s,13.0,26.0,0.0,1.0,40.0,0.8956647938578649,,1.5707963267948966
2025-06-19--17h-46m-30s,6.0,32.0,1.0,1.0,40.0,0.6840812317953292,1.191033823212813,1.191033823212813
2025-06-19--17h-46m-30s,5.0,35.0,0.0,0.0,40.0,0.5053605102841573,,1.5707963267948966
2025-06-19--17h-46m-30s,12.0,28.0,0.0,0.0,40.0,0.7953988301841436,,1.5707963267948966
2025-06-19--17h-46m-30s,13.0,27.0,0.0,0.0,40.0,0.8298316245918765,,1.5707963267948966
2025-06-19--17h-46m-30s,11.0,28.0,1.0,0.0,40.0,0.7953988301841436,1.2896393359559175,1.2896393359559175
2025-06-19--17h-46m-30s,6.0,32.0,0.0,2.0,40.0,0.7227342478134156,,1.5707963267948966
2025-06-19--17h-46m-30s,4.0,36.0,0.0,0.0,40.0,0.45102681179626236,,1.5707963267948966
2025-06-19--17h-46m-30s,4.0,35.0,0.0,1.0,40.0,0.5548110329800715,,1.5707963267948966
2025-06-19--17h-46m-30s,7.0,31.0,0.0,2.0,40.0,0.759761932507315,,1.5707963267948966
2025-06-19--17h-46m-30s,14.0,25.0,0.0,1.0,40.0,0.9272952180016122,,1.5707963267948966
2025-06-19--17h-46m-30s,9.0,30.0,0.0,1.0,40.0,0.759761932507315,,1.5707963267948966
2025-06-19--17h-46m-30s,7.0,32.0,1.0,0.0,40.0,0.6435011087932843,1.2181495758420318,1.2181495758420318
2025-06-19--17h-46m-30s,13.0,26.0,0.0,1.0,40.0,0.8956647938578649,,1.5707963267948966
2025-06-19--17h-46m-30s,13.0,24.0,0.0,3.0,40.0,1.0180812136981134,,1.5707963267948966
2025-06-19--17h-46m-30s,7.0,32.0,0.0,1.0,40.0,0.6840812317953292,,1.5707963267948966
2025-06-19--17h-46m-30s,9.0,31.0,0.0,0.0,40.0,0.6840812317953292,,1.5707963267948966
2025-06-19--17h-46m-30s,12.0,28.0,0.0,0.0,40.0,0.7953988301841436,,1.5707963267948966
2025-06-19--17h-46m-30s,9.0,29.0,0.0,2.0,40.0,0.8298316245918765,,1.5707963267948966
2025-06-19--17h-46m-30s,10.0,30.0,0.0,0.0,40.0,0.7227342478134156,,1.5707963267948966
2025-06-19--17h-46m-30s,13.0,27.0,0.0,0.0,40.0,0.8298316245918765,,1.5707963267948966
2025-06-19--17h-46m-30s,10.0,28.0,2.0,0.0,40.0,0.7953988301841436,1.1571145649952337,1.1571145649952337
2025-06-19--17h-46m-30s,6.0,34.0,0.0,0.0,40.0,0.5548110329800715,,1.5707963267948966
2025-06-19--17h-46m-30s,10.0,30.0,0.0,0.0,40.0,0.7227342478134156,,1.5707963267948966
2025-06-19--17h-46m-30s,6.0,34.0,0.0,0.0,40.0,0.5548110329800715,,1.5707963267948966
2025-06-19--17h-46m-30s,8.0,30.0,0.0,2.0,40.0,0.7953988301841436,,1.5707963267948966
2025-06-19--17h-46m-30s,9.0,29.0,0.0,2.0,40.0,0.8298316245918765,,1.5707963267948966
2025-06-19--17h-46m-30s,9.0,31.0,0.0,0.0,40.0,0.6840812317953292,,1.5707963267948966
2025-06-19--17h-46m-30s,16.0,24.0,0.0,0.0,40.0,0.9272952180016122,,1.5707963267948966
2025-06-19--17h-46m-30s,3.0,36.0,0.0,1.0,40.0,0.5053605102841573,,1.5707963267948966
2025-06-19--17h-46m-30s,9.0,31.0,0.0,0.0,40.0,0.6840812317953292,,1.5707963267948966
2025-06-19--17h-46m-30s,5.0,32.0,0.0,3.0,40.0,0.759761932507315,,1.5707963267948966
2025-06-19--17h-46m-30s,13.0,25.0,1.0,1.0,40.0,0.9272952180016122,1.3131979465496593,1.3131979465496593
2025-06-19--17h-46m-30s,6.0,33.0,0.0,1.0,40.0,0.6435011087932843,,1.5707963267948966
2025-06-19--17h-46m-30s,8.0,30.0,1.0,1.0,40.0,0.759761932507315,1.2404946075822378,1.2404946075822378
2025-06-19--17h-46m-30s,8.0,30.0,0.0,2.0,40.0,0.7953988301841436,,1.5707963267948966
2025-06-19--17h-46m-30s,12.0,28.0,0.0,0.0,40.0,0.7953988301841436,,1.5707963267948966
2025-06-19--17h-46m-30s,15.0,25.0,0.0,0.0,40.0,0.8956647938578649,,1.5707963267948966
2025-06-19--17h-46m-30s,11.0,29.0,0.0,0.0,40.0,0.759761932507315,,1.5707963267948966
2025-06-19--17h-46m-30s,7.0,33.0,0.0,0.0,40.0,0.6005941268660511,,1.5707963267948966
2025-06-19--17h-46m-30s,11.0,29.0,0.0,0.0,40.0,0.759761932507315,,1.5707963267948966
2025-06-19--17h-46m-30s,8.0,30.0,0.0,2.0,40.0,0.7953988301841436,,1.5707963267948966
2025-06-19--17h-46m-30s,7.0,33.0,0.0,0.0,40.0,0.6005941268660511,,1.5707963267948966
2025-06-19--17h-46m-30s,12.0,26.0,0.0,2.0,40.0,0.9272952180016122,,1.5707963267948966
2025-06-19--17h-46m-30s,10.0,28.0,0.0,2.0,40.0,0.863211890069541,,1.5707963267948966
2025-06-19--17h-46m-30s,9.0,31.0,0.0,0.0,40.0,0.6840812317953292,,1.5707963267948966
2025-06-19--17h-46m-30s,10.0,29.0,1.0,0.0,40.0,0.759761932507315,1.2755275092183471,1.2755275092183471
2025-06-19--17h-46m-30s,9.0,30.0,0.0,1.0,40.0,0.759761932507315,,1.5707963267948966
2025-06-19--17h-46m-30s,9.0,30.0,0.0,1.0,40.0,0.759761932507315,,1.5707963267948966
2025-06-19--17h-46m-30s,5.0,35.0,0.0,0.0,40.0,0.5053605102841573,,1.5707963267948966
2025-06-19--17h-46m-30s,11.0,28.0,0.0,1.0,40.0,0.8298316245918765,,1.5707963267948966
2025-06-19--17h-46m-30s,5.0,35.0,0.0,0.0,40.0,0.5053605102841573,,1.5707963267948966
2025-06-19--17h-46m-30s,12.0,28.0,0.0,0.0,40.0,0.7953988301841436,,1.5707963267948966
2025-06-19--17h-46m-30s,9.0,30.0,0.0,1.0,40.0,0.759761932507315,,1.5707963267948966
2025-06-19--17h-46m-30s,7.0,32.0,0.0,1.0,40.0,0.6840812317953292,,1.5707963267948966
2025-06-19--17h-46m-30s,7.0,33.0,0.0,0.0,40.0,0.6005941268660511,,1.5707963267948966
2025-06-19--17h-46m-30s,7.0,32.0,0.0,1.0,40.0,0.6840812317953292,,1.5707963267948966
2025-06-19--17h-46m-30s,10.0,30.0,0.0,0.0,40.0,0.7227342478134156,,1.5707963267948966
2025-06-19--17h-46m-30s,11.0,27.0,0.0,2.0,40.0,0.8956647938578649,,1.5707963267948966
2025-06-19--17h-46m-30s,11.0,29.0,0.0,0.0,40.0,0.759761932507315,,1.5707963267948966
2025-06-19--17h-46m-30s,7.0,33.0,0.0,0.0,40.0,0.6005941268660511,,1.5707963267948966
2025-06-19--17h-46m-30s,8.0,30.0,1.0,1.0,40.0,0.759761932507315,1.2404946075822378,1.2404946075822378
2025-06-19--17h-46m-30s,8.0,31.0,0.0,1.0,40.0,0.7227342478134156,,1.5707963267948966
2025-06-19--17h-46m-30s,10.0,28.0,0.0,2.0,40.0,0.863211890069541,,1.5707963267948966
2025-06-19--17h-46m-30s,7.0,31.0,0.0,2.0,40.0,0.759761932507315,,1.5707963267948966
2025-06-19--17h-46m-30s,13.0,26.0,0.0,1.0,40.0,0.8956647938578649,,1.5707963267948966
2025-06-19--17h-46m-30s,10.0,30.0,0.0,0.0,40.0,0.7227342478134156,,1.5707963267948966
2025-06-19--17h-46m-30s,5.0,34.0,0.0,1.0,40.0,0.6005941268660511,,1.5707963267948966
2025-06-19--17h-46m-30s,9.0,31.0,0.0,0.0,40.0,0.6840812317953292,,1.5707963267948966
2025-06-19--17h-46m-30s,11.0,29.0,0.0,0.0,40.0,0.759761932507315,,1.5707963267948966
2025-06-19--17h-46m-30s,12.0,28.0,0.0,0.0,40.0,0.7953988301841436,,1.5707963267948966
2025-06-19--17h-46m-30s,16.0,24.0,0.0,0.0,40.0,0.9272952180016122,,1.5707963267948966
2025-06-19--17h-46m-30s,6.0,33.0,0.0,1.0,40.0,0.6435011087932843,,1.5707963267948966
2025-06-19--17h-46m-30s,8.0,31.0,1.0,0.0,40.0,0.6840812317953292,1.2404946075822378,1.2404946075822378
2025-06-19--17h-46m-30s,11.0,27.0,0.0,2.0,40.0,0.8956647938578649,,1.5707963267948966
2025-06-19--17h-46m-30s,7.0,31.0,0.0,2.0,40.0,0.759761932507315,,1.5707963267948966
2025-06-19--17h-46m-30s,7.0,33.0,0.0,0.0,40.0,0.6005941268660511,,1.5707963267948966
2025-06-19--17h-46m-30s,8.0,31.0,0.0,1.0,40.0,0.7227342478134156,,1.5707963267948966
2025-06-19--17h-46m-30s,11.0,28.0,0.0,1.0,40.0,0.8298316245918765,,1.5707963267948966
2025-06-19--17h-46m-30s,6.0,33.0,0.0,1.0,40.0,0.6435011087932843,,1.5707963267948966
2025-06-19--17h-46m-30s,9.0,31.0,0.0,0.0,40.0,0.6840812317953292,,1.5707963267948966
2025-06-19--17h-46m-30s,9.0,31.0,0.0,0.0,40.0,0.6840812317953292,,1.5707963267948966
2025-06-19--17h-46m-30s,11.0,28.0,0.0,1.0,40.0,0.8298316245918765,,1.5707963267948966
2025-06-19--17h-46m-30s,5.0,35.0,0.0,0.0,40.0,0.5053605102841573,,1.5707963267948966
2025-06-19--17h-46m-30s,10.0,29.0,0.0,1.0,40.0,0.7953988301841436,,1.5707963267948966
2025-06-19--17h-46m-30s,9.0,30.0,0.0,1.0,40.0,0.759761932507315,,1.5707963267948966
2025-06-19--17h-46m-30s,7.0,31.0,2.0,0.0,40.0,0.6840812317953292,1.0850186097250996,1.0850186097250996
2025-06-19--17h-46m-30s,11.0,28.0,0.0,1.0,40.0,0.8298316245918765,,1.5707963267948966
2025-06-19--17h-46m-30s,6.0,34.0,0.0,0.0,40.0,0.5548110329800715,,1.5707963267948966
2025-06-19--17h-46m-30s,10.0,30.0,0.0,0.0,40.0,0.7227342478134156,,1.5707963267948966
2025-06-19--17h-46m-30s,6.0,34.0,0.0,0.0,40.0,0.5548110329800715,,1.5707963267948966
2025-06-19--17h-46m-30s,8.0,29.0,1.0,2.0,40.0,0.8298316245918765,1.2404946075822378,1.2404946075822378
2025-06-19--17h-46m-30s,10.0,30.0,0.0,0.0,40.0,0.7227342478134156,,1.5707963267948966
2025-06-19--17h-46m-30s,8.0,31.0,0.0,1.0,40.0,0.7227342478134156,,1.5707963267948966
2025-06-19--17h-46m-30s,5.0,34.0,0.0,1.0,40.0,0.6005941268660511,,1.5707963267948966
2025-06-19--17h-46m-30s,7.0,30.0,0.0,3.0,40.0,0.8298316245918765,,1.5707963267948966
2025-06-19--17h-46m-30s,11.0,29.0,0.0,0.0,40.0,0.759761932507315,,1.5707963267948966
2025-06-19--17h-46m-30s,13.0,25.0,1.0,1.0,40.0,0.9272952180016122,1.3131979465496593,1.3131979465496593
2025-06-19--17h-46m-30s,12.0,27.0,0.0,1.0,40.0,0.863211890069541,,1.5707963267948966
2025-06-19--17h-46m-30s,7.0,33.0,0.0,0.0,40.0,0.6005941268660511,,1.5707963267948966
2025-06-19--17h-46m-30s,8.0,32.0,0.0,0.0,40.0,0.6435011087932843,,1.5707963267948966
2025-06-19--17h-46m-30s,8.0,32.0,0.0,0.0,40.0,0.6435011087932843,,1.5707963267948966
2025-06-19--17h-46m-30s,7.0,33.0,0.0,0.0,40.0,0.6005941268660511,,1.5707963267948966
2025-06-19--17h-46m-30s,10.0,29.0,0.0,1.0,40.0,0.7953988301841436,,1.5707963267948966
2025-06-19--17h-46m-30s,6.0,34.0,0.0,0.0,40.0,0.5548110329800715,,1.5707963267948966
2025-06-19--17h-46m-30s,12.0,28.0,0.0,0.0,40.0,0.7953988301841436,,1.5707963267948966
2025-06-19--17h-46m-30s,10.0,29.0,0.0,1.0,40.0,0.7953988301841436,,1.5707963267948966
2025-06-19--17h-46m-30s,13.0,26.0,1.0,0.0,40.0,0.863211890069541,1.3131979465496593,1.3131979465496593
2025-06-19--17h-46m-30s,8.0,31.0,0.0,1.0,40.0,0.7227342478134156,,1.5707963267948966
2025-06-19--17h-46m-30s,6.0,29.0,0.0,5.0,40.0,0.9272952180016122,,1.5707963267948966
2025-06-19--17h-46m-30s,8.0,32.0,0.0,0.0,40.0,0.6435011087932843,,1.5707963267948966
2025-06-19--17h-46m-30s,9.0,29.0,0.0,2.0,40.0,0.8298316245918765,,1.5707963267948966
2025-06-19--17h-46m-30s,9.0,31.0,0.0,0.0,40.0,0.6840812317953292,,1.5707963267948966
2025-06-19--17h-46m-30s,8.0,31.0,0.0,1.0,40.0,0.7227342478134156,,1.5707963267948966
2025-06-19--17h-46m-30s,6.0,33.0,0.0,1.0,40.0,0.6435011087932843,,1.5707963267948966
2025-06-19--17h-46m-30s,16.0,23.0,1.0,0.0,40.0,0.9581921787462742,1.3405006246181816,1.3405006246181816
2025-06-19--17h-46m-30s,7.0,31.0,0.0,2.0,40.0,0.759761932507315,,1.5707963267948966
2025-06-19--17h-46m-30s,11.0,27.0,0.0,2.0,40.0,0.8956647938578649,,1.5707963267948966
2025-06-19--17h-46m-30s,3.0,35.0,1.0,1.0,40.0,0.5548110329800715,1.0516048910611193,1.0516048910611193
2025-06-19--17h-46m-30s,8.0,32.0,0.0,0.0,40.0,0.6435011087932843,,1.5707963267948966
2025-06-19--17h-46m-30s,6.0,34.0,0.0,0.0,40.0,0.5548110329800715,,1.5707963267948966
2025-06-19--17h-46m-30s,4.0,35.0,1.0,0.0,40.0,0.5053605102841573,1.1128841748018878,1.1128841748018878
2025-06-19--17h-46m-30s,5.0,35.0,0.0,0.0,40.0,0.5053605102841573,,1.5707963267948966
2025-06-19--17h-46m-30s,8.0,31.0,0.0,1.0,40.0,0.7227342478134156,,1.5707963267948966
2025-06-19--17h-46m-30s,4.0,35.0,0.0,1.0,40.0,0.5548110329800715,,1.5707963267948966
2025-06-19--17h-46m-30s,8.0,32.0,0.0,0.0,40.0,0.6435011087932843,,1.5707963267948966
2025-06-19--17h-46m-30s,8.0,30.0,0.0,2.0,40.0,0.7953988301841436,,1.5707963267948966
2025-06-19--17h-46m-30s,9.0,31.0,0.0,0.0,40.0,0.6840812317953292,,1.5707963267948966
2025-06-19--17h-46m-30s,9.0,30.0,0.0,1.0,40.0,0.759761932507315,,1.5707963267948966
2025-06-19--17h-46m-30s,11.0,27.0,1.0,1.0,40.0,0.863211890069541,1.2896393359559175,1.2896393359559175
2025-06-19--17h-46m-30s,10.0,29.0,0.0,1.0,40.0,0.7953988301841436,,1.5707963267948966
2025-06-19--17h-46m-30s,8.0,32.0,0.0,0.0,40.0,0.6435011087932843,,1.5707963267948966
2025-06-19--17h-46m-30s,6.0,31.0,1.0,2.0,40.0,0.759761932507315,1.191033823212813,1.191033823212813
2025-06-19--17h-46m-30s,9.0,31.0,0.0,0.0,40.0,0.6840812317953292,,1.5707963267948966
2025-06-19--17h-46m-30s,9.0,29.0,1.0,1.0,40.0,0.7953988301841436,1.2593400758435374,1.2593400758435374
2025-06-19--17h-46m-30s,13.0,27.0,0.0,0.0,40.0,0.8298316245918765,,1.5707963267948966
2025-06-19--17h-46m-30s,12.0,28.0,0.0,0.0,40.0,0.7953988301841436,,1.5707963267948966
2025-06-19--17h-46m-30s,10.0,28.0,0.0,2.0,40.0,0.863211890069541,,1.5707963267948966
2025-06-19--17h-46m-30s,9.0,30.0,0.0,1.0,40.0,0.759761932507315,,1.5707963267948966
2025-06-19--17h-46m-30s,8.0,32.0,0.0,0.0,40.0,0.6435011087932843,,1.5707963267948966
2025-06-19--17h-46m-30s,7.0,33.0,0.0,0.0,40.0,0.6005941268660511,,1.5707963267948966
2025-06-19--17h-46m-30s,8.0,30.0,0.0,2.0,40.0,0.7953988301841436,,1.5707963267948966
2025-06-19--17h-46m-30s,11.0,29.0,0.0,0.0,40.0,0.759761932507315,,1.5707963267948966
2025-06-19--17h-46m-30s,9.0,29.0,0.0,2.0,40.0,0.8298316245918765,,1.5707963267948966
2025-06-19--17h-46m-30s,12.0,28.0,0.0,0.0,40.0,0.7953988301841436,,1.5707963267948966
2025-06-19--17h-46m-30s,10.0,30.0,0.0,0.0,40.0,0.7227342478134156,,1.5707963267948966
2025-06-19--17h-46m-30s,8.0,32.0,0.0,0.0,40.0,0.6435011087932843,,1.5707963267948966
2025-06-19--17h-46m-30s,6.0,34.0,0.0,0.0,40.0,0.5548110329800715,,1.5707963267948966
2025-06-19--17h-46m-30s,8.0,30.0,2.0,0.0,40.0,0.7227342478134156,1.1128841748018878,1.1128841748018878
2025-06-19--17h-46m-30s,10.0,29.0,0.0,1.0,40.0,0.7953988301841436,,1.5707963267948966
2025-06-19--17h-46m-30s,11.0,27.0,0.0,2.0,40.0,0.8956647938578649,,1.5707963267948966
2025-06-19--17h-46m-30s,5.0,35.0,0.0,0.0,40.0,0.5053605102841573,,1.5707963267948966
2025-06-19--17h-46m-30s,10.0,29.0,0.0,1.0,40.0,0.7953988301841436,,1.5707963267948966
2025-06-19--17h-46m-30s,10.0,26.0,0.0,4.0,40.0,0.9884320889261531,,1.5707963267948966
2025-06-19--17h-46m-30s,5.0,33.0,0.0,2.0,40.0,0.6840812317953292,,1.5707963267948966
2025-06-19--17h-46m-30s,10.0,30.0,0.0,0.0,40.0,0.7227342478134156,,1.5707963267948966
2025-06-19--17h-46m-30s,7.0,31.0,0.0,2.0,40.0,0.759761932507315,,1.5707963267948966
2025-06-19--17h-46m-30s,7.0,30.0,0.0,3.0,40.0,0.8298316245918765,,1.5707963267948966
2025-06-19--17h-46m-30s,10.0,28.0,0.0,2.0,40.0,0.863211890069541,,1.5707963267948966
2025-06-19--17h-46m-30s,6.0,32.0,0.0,2.0,40.0,0.7227342478134156,,1.5707963267948966
2025-06-19--17h-46m-30s,11.0,29.0,0.0,0.0,40.0,0.759761932507315,,1.5707963267948966
2025-06-19--17h-46m-30s,7.0,33.0,0.0,0.0,40.0,0.6005941268660511,,1.5707963267948966
2025-06-19--17h-46m-30s,9.0,28.0,1.0,2.0,40.0,0.863211890069541,1.2593400758435374,1.2593400758435374
2025-06-19--17h-46m-30s,10.0,30.0,0.0,0.0,40.0,0.7227342478134156,,1.5707963267948966
2025-06-19--17h-46m-30s,7.0,32.0,0.0,1.0,40.0,0.6840812317953292,,1.5707963267948966
2025-06-19--17h-46m-30s,7.0,32.0,0.0,1.0,40.0,0.6840812317953292,,1.5707963267948966
2025-06-19--17h-46m-30s,13.0,27.0,0.0,0.0,40.0,0.8298316245918765,,1.5707963267948966
2025-06-19--17h-46m-30s,5.0,33.0,0.0,2.0,40.0,0.6840812317953292,,1.5707963267948966
2025-06-19--17h-46m-30s,10.0,30.0,0.0,0.0,40.0,0.7227342478134156,,1.5707963267948966
2025-06-19--17h-46m-30s,8.0,31.0,0.0,1.0,40.0,0.7227342478134156,,1.5707963267948966
2025-06-19--17h-46m-30s,5.0,34.0,0.0,1.0,40.0,0.6005941268660511,,1.5707963267948966
2025-06-19--17h-46m-30s,7.0,31.0,0.0,2.0,40.0,0.759761932507315,,1.5707963267948966
2025-06-19--17h-46m-30s,10.0,30.0,0.0,0.0,40.0,0.7227342478134156,,1.5707963267948966
2025-06-19--17h-46m-30s,7.0,32.0,1.0,0.0,40.0,0.6435011087932843,1.2181495758420318,1.2181495758420318
2025-06-19--17h-46m-30s,10.0,30.0,0.0,0.0,40.0,0.7227342478134156,,1.5707963267948966
2025-06-19--17h-46m-30s,12.0,27.0,1.0,0.0,40.0,0.8298316245918765,1.3020933021597254,1.3020933021597254
2025-06-19--17h-46m-30s,5.0,33.0,0.0,2.0,40.0,0.6840812317953292,,1.5707963267948966
2025-06-19--17h-46m-30s,9.0,31.0,0.0,0.0,40.0,0.6840812317953292,,1.5707963267948966
2025-06-19--17h-46m-30s,5.0,34.0,0.0,1.0,40.0,0.6005941268660511,,1.5707963267948966
2025-06-19--17h-46m-30s,4.0,36.0,0.0,0.0,40.0,0.45102681179626236,,1.5707963267948966
2025-06-19--17h-46m-30s,8.0,30.0,0.0,2.0,40.0,0.7953988301841436,,1.5707963267948966
2025-06-19--17h-46m-30s,6.0,32.0,1.0,1.0,40.0,0.6840812317953292,1.191033823212813,1.191033823212813
2025-06-19--17h-46m-30s,11.0,29.0,0.0,0.0,40.0,0.759761932507315,,1.5707963267948966
2025-06-19--17h-46m-30s,9.0,31.0,0.0,0.0,40.0,0.6840812317953292,,1.5707963267948966
2025-06-19--17h-46m-30s,6.0,33.0,0.0,1.0,40.0,0.6435011087932843,,1.5707963267948966
2025-06-19--17h-46m-30s,16.0,23.0,0.0,1.0,40.0,0.9884320889261531,,1.5707963267948966
2025-06-19--17h-46m-30s,9.0,29.0,0.0,2.0,40.0,0.8298316245918765,,1.5707963267948966
2025-06-19--17h-46m-30s,4.0,36.0,0.0,0.0,40.0,0.45102681179626236,,1.5707963267948966
2025-06-19--17h-46m-30s,8.0,31.0,1.0,0.0,40.0,0.6840812317953292,1.2404946075822378,1.2404946075822378
2025-06-19--17h-46m-30s,7.0,33.0,0.0,0.0,40.0,0.6005941268660511,,1.5707963267948966
2025-06-19--17h-46m-30s,13.0,26.0,0.0,1.0,40.0,0.8956647938578649,,1.5707963267948966
2025-06-19--17h-46m-30s,6.0,34.0,0.0,0.0,40.0,0.5548110329800715,,1.5707963267948966
2025-06-19--17h-46m-30s,10.0,30.0,0.0,0.0,40.0,0.7227342478134156,,1.5707963267948966
2025-06-19--17h-46m-30s,6.0,33.0,0.0,1.0,40.0,0.6435011087932843,,1.5707963267948966
2025-06-19--17h-46m-30s,8.0,29.0,2.0,1.0,40.0,0.7953988301841436,1.1128841748018878,1.1128841748018878
2025-06-19--17h-46m-30s,8.0,31.0,0.0,1.0,40.0,0.7227342478134156,,1.5707963267948966
2025-06-19--17h-46m-30s,10.0,29.0,0.0,1.0,40.0,0.7953988301841436,,1.5707963267948966
2025-06-19--17h-46m-30s,8.0,32.0,0.0,0.0,40.0,0.6435011087932843,,1.5707963267948966
2025-06-19--17h-46m-30s,12.0,26.0,0.0,2.0,40.0,0.9272952180016122,,1.5707963267948966
2025-06-19--17h-46m-30s,4.0,36.0,0.0,0.0,40.0,0.45102681179626236,,1.5707963267948966
2025-06-19--17h-46m-30s,9.0,31.0,0.0,0.0,40.0,0.6840812317953292,,1.5707963267948966
2025-06-19--17h-46m-30s,8.0,31.0,1.0,0.0,40.0,0.6840812317953292,1.2404946075822378,1.2404946075822378
2025-06-19--17h-46m-30s,6.0,32.0,0.0,2.0,40.0,0.7227342478134156,,1.5707963267948966
2025-06-19--17h-46m-30s,8.0,30.0,1.0,1.0,40.0,0.759761932507315,1.2404946075822378,1.2404946075822378
2025-06-19--17h-46m-30s,10.0,30.0,0.0,0.0,40.0,0.7227342478134156,,1.5707963267948966
2025-06-19--17h-46m-30s,5.0,34.0,0.0,1.0,40.0,0.6005941268660511,,1.5707963267948966
2025-06-19--17h-46m-30s,9.0,29.0,0.0,2.0,40.0,0.8298316245918765,,1.5707963267948966
2025-06-19--17h-46m-30s,8.0,32.0,0.0,0.0,40.0,0.6435011087932843,,1.5707963267948966
2025-06-19--17h-46m-30s,9.0,31.0,0.0,0.0,40.0,0.6840812317953292,,1.5707963267948966
2025-06-19--17h-46m-30s,9.0,30.0,0.0,1.0,40.0,0.759761932507315,,1.5707963267948966
2025-06-19--17h-46m-30s,4.0,33.0,1.0,2.0,40.0,0.6840812317953292,1.1128841748018878,1.1128841748018878
