data_dir,C',HH,SB,VV,N,theta_estimate,delta_phi_estimate,clipped_delta_phi_estimate
2025-06-19--17h-21m-46s,1.0,36.0,3.0,0.0,40.0,0.45102681179626236,0.5191914357337772,0.5191914357337772
2025-06-19--17h-21m-46s,6.0,28.0,6.0,0.0,40.0,0.7953988301841436,0.7853981633974483,0.7853981633974483
2025-06-19--17h-21m-46s,1.0,35.0,4.0,0.0,40.0,0.5053605102841573,0.4579121519930089,0.4579121519930089
2025-06-19--17h-21m-46s,2.0,36.0,2.0,0.0,40.0,0.45102681179626236,0.7853981633974483,0.7853981633974483
2025-06-19--17h-21m-46s,1.0,34.0,5.0,0.0,40.0,0.5548110329800715,0.41368176179966293,0.41368176179966293
2025-06-19--17h-21m-46s,4.0,28.0,8.0,0.0,40.0,0.7953988301841436,0.6127850976142151,0.6127850976142151
2025-06-19--17h-21m-46s,2.0,35.0,2.0,1.0,40.0,0.5548110329800715,0.7853981633974483,0.7853981633974483
2025-06-19--17h-21m-46s,2.0,33.0,5.0,0.0,40.0,0.6005941268660511,0.5603246623469973,0.5603246623469973
2025-06-19--17h-21m-46s,2.0,32.0,6.0,0.0,40.0,0.6435011087932843,0.5191914357337772,0.5191914357337772
2025-06-19--17h-21m-46s,3.0,36.0,1.0,0.0,40.0,0.45102681179626236,1.0516048910611193,1.0516048910611193
2025-06-19--17h-21m-46s,1.0,37.0,1.0,1.0,40.0,0.45102681179626236,0.7853981633974483,0.7853981633974483
2025-06-19--17h-21m-46s,2.0,35.0,3.0,0.0,40.0,0.5053605102841573,0.6831644623239246,0.6831644623239246
2025-06-19--17h-21m-46s,1.0,38.0,1.0,0.0,40.0,0.3175604292915215,0.7853981633974483,0.7853981633974483
2025-06-19--17h-21m-46s,1.0,35.0,4.0,0.0,40.0,0.5053605102841573,0.4579121519930089,0.4579121519930089
2025-06-19--17h-21m-46s,3.0,33.0,3.0,1.0,40.0,0.6435011087932843,0.7853981633974483,0.7853981633974483
2025-06-19--17h-21m-46s,2.0,37.0,0.0,1.0,40.0,0.45102681179626236,,1.5707963267948966
2025-06-19--17h-21m-46s,1.0,35.0,3.0,1.0,40.0,0.5548110329800715,0.5191914357337772,0.5191914357337772
2025-06-19--17h-21m-46s,3.0,32.0,5.0,0.0,40.0,0.6435011087932843,0.6570910503804337,0.6570910503804337
2025-06-19--17h-21m-46s,0.0,38.0,1.0,1.0,40.0,0.3897607327974747,,0.0
2025-06-19--17h-21m-46s,2.0,35.0,3.0,0.0,40.0,0.5053605102841573,0.6831644623239246,0.6831644623239246
2025-06-19--17h-21m-46s,2.0,36.0,2.0,0.0,40.0,0.45102681179626236,0.7853981633974483,0.7853981633974483
2025-06-19--17h-21m-46s,4.0,32.0,4.0,0.0,40.0,0.6435011087932843,0.7853981633974483,0.7853981633974483
2025-06-19--17h-21m-46s,1.0,37.0,2.0,0.0,40.0,0.3897607327974747,0.6127850976142151,0.6127850976142151
2025-06-19--17h-21m-46s,4.0,35.0,1.0,0.0,40.0,0.5053605102841573,1.1128841748018878,1.1128841748018878
2025-06-19--17h-21m-46s,2.0,35.0,3.0,0.0,40.0,0.5053605102841573,0.6831644623239246,0.6831644623239246
2025-06-19--17h-21m-46s,0.0,36.0,4.0,0.0,40.0,0.45102681179626236,,0.0
2025-06-19--17h-21m-46s,2.0,37.0,1.0,0.0,40.0,0.3897607327974747,0.9580112291806815,0.9580112291806815
2025-06-19--17h-21m-46s,4.0,36.0,0.0,0.0,40.0,0.45102681179626236,,1.5707963267948966
2025-06-19--17h-21m-46s,3.0,34.0,3.0,0.0,40.0,0.5548110329800715,0.7853981633974483,0.7853981633974483
2025-06-19--17h-21m-46s,1.0,35.0,4.0,0.0,40.0,0.5053605102841573,0.4579121519930089,0.4579121519930089
2025-06-19--17h-21m-46s,2.0,34.0,4.0,0.0,40.0,0.5548110329800715,0.6127850976142151,0.6127850976142151
2025-06-19--17h-21m-46s,3.0,35.0,1.0,1.0,40.0,0.5548110329800715,1.0516048910611193,1.0516048910611193
2025-06-19--17h-21m-46s,5.0,32.0,3.0,0.0,40.0,0.6435011087932843,0.9137052764144629,0.9137052764144629
2025-06-19--17h-21m-46s,2.0,33.0,5.0,0.0,40.0,0.6005941268660511,0.5603246623469973,0.5603246623469973
2025-06-19--17h-21m-46s,1.0,37.0,2.0,0.0,40.0,0.3897607327974747,0.6127850976142151,0.6127850976142151
2025-06-19--17h-21m-46s,4.0,34.0,2.0,0.0,40.0,0.5548110329800715,0.9580112291806815,0.9580112291806815
2025-06-19--17h-21m-46s,3.0,33.0,3.0,1.0,40.0,0.6435011087932843,0.7853981633974483,0.7853981633974483
2025-06-19--17h-21m-46s,0.0,38.0,2.0,0.0,40.0,0.3175604292915215,,0.0
2025-06-19--17h-21m-46s,3.0,35.0,1.0,1.0,40.0,0.5548110329800715,1.0516048910611193,1.0516048910611193
2025-06-19--17h-21m-46s,4.0,36.0,0.0,0.0,40.0,0.45102681179626236,,1.5707963267948966
2025-06-19--17h-21m-46s,1.0,37.0,2.0,0.0,40.0,0.3897607327974747,0.6127850976142151,0.6127850976142151
2025-06-19--17h-21m-46s,4.0,31.0,5.0,0.0,40.0,0.6840812317953292,0.7288762798605178,0.7288762798605178
2025-06-19--17h-21m-46s,5.0,30.0,5.0,0.0,40.0,0.7227342478134156,0.7853981633974483,0.7853981633974483
2025-06-19--17h-21m-46s,3.0,36.0,1.0,0.0,40.0,0.45102681179626236,1.0516048910611193,1.0516048910611193
2025-06-19--17h-21m-46s,2.0,34.0,4.0,0.0,40.0,0.5548110329800715,0.6127850976142151,0.6127850976142151
2025-06-19--17h-21m-46s,4.0,33.0,3.0,0.0,40.0,0.6005941268660511,0.8581711401373867,0.8581711401373867
2025-06-19--17h-21m-46s,3.0,33.0,3.0,1.0,40.0,0.6435011087932843,0.7853981633974483,0.7853981633974483
2025-06-19--17h-21m-46s,0.0,36.0,4.0,0.0,40.0,0.45102681179626236,,0.0
2025-06-19--17h-21m-46s,2.0,36.0,2.0,0.0,40.0,0.45102681179626236,0.7853981633974483,0.7853981633974483
2025-06-19--17h-21m-46s,1.0,35.0,4.0,0.0,40.0,0.5053605102841573,0.4579121519930089,0.4579121519930089
2025-06-19--17h-21m-46s,2.0,38.0,0.0,0.0,40.0,0.3175604292915215,,1.5707963267948966
2025-06-19--17h-21m-46s,2.0,35.0,3.0,0.0,40.0,0.5053605102841573,0.6831644623239246,0.6831644623239246
2025-06-19--17h-21m-46s,2.0,36.0,2.0,0.0,40.0,0.45102681179626236,0.7853981633974483,0.7853981633974483
2025-06-19--17h-21m-46s,1.0,32.0,7.0,0.0,40.0,0.6435011087932843,0.3526467509528649,0.3526467509528649
2025-06-19--17h-21m-46s,3.0,33.0,4.0,0.0,40.0,0.6005941268660511,0.71262518665751,0.71262518665751
2025-06-19--17h-21m-46s,0.0,38.0,2.0,0.0,40.0,0.3175604292915215,,0.0
2025-06-19--17h-21m-46s,2.0,36.0,2.0,0.0,40.0,0.45102681179626236,0.7853981633974483,0.7853981633974483
2025-06-19--17h-21m-46s,1.0,38.0,1.0,0.0,40.0,0.3175604292915215,0.7853981633974483,0.7853981633974483
2025-06-19--17h-21m-46s,3.0,34.0,3.0,0.0,40.0,0.5548110329800715,0.7853981633974483,0.7853981633974483
2025-06-19--17h-21m-46s,0.0,34.0,5.0,1.0,40.0,0.6005941268660511,,0.0
2025-06-19--17h-21m-46s,3.0,33.0,4.0,0.0,40.0,0.6005941268660511,0.71262518665751,0.71262518665751
2025-06-19--17h-21m-46s,2.0,37.0,1.0,0.0,40.0,0.3897607327974747,0.9580112291806815,0.9580112291806815
2025-06-19--17h-21m-46s,0.0,39.0,1.0,0.0,40.0,0.22407528530181936,,0.0
2025-06-19--17h-21m-46s,1.0,36.0,3.0,0.0,40.0,0.45102681179626236,0.5191914357337772,0.5191914357337772
2025-06-19--17h-21m-46s,4.0,32.0,4.0,0.0,40.0,0.6435011087932843,0.7853981633974483,0.7853981633974483
2025-06-19--17h-21m-46s,3.0,35.0,2.0,0.0,40.0,0.5053605102841573,0.8876318644709721,0.8876318644709721
2025-06-19--17h-21m-46s,4.0,30.0,6.0,0.0,40.0,0.7227342478134156,0.6831644623239246,0.6831644623239246
2025-06-19--17h-21m-46s,3.0,36.0,1.0,0.0,40.0,0.45102681179626236,1.0516048910611193,1.0516048910611193
2025-06-19--17h-21m-46s,2.0,36.0,2.0,0.0,40.0,0.45102681179626236,0.7853981633974483,0.7853981633974483
2025-06-19--17h-21m-46s,3.0,35.0,2.0,0.0,40.0,0.5053605102841573,0.8876318644709721,0.8876318644709721
2025-06-19--17h-21m-46s,1.0,38.0,1.0,0.0,40.0,0.3175604292915215,0.7853981633974483,0.7853981633974483
2025-06-19--17h-21m-46s,3.0,34.0,3.0,0.0,40.0,0.5548110329800715,0.7853981633974483,0.7853981633974483
2025-06-19--17h-21m-46s,5.0,31.0,4.0,0.0,40.0,0.6840812317953292,0.8419200469343788,0.8419200469343788
2025-06-19--17h-21m-46s,1.0,37.0,2.0,0.0,40.0,0.3897607327974747,0.6127850976142151,0.6127850976142151
2025-06-19--17h-21m-46s,1.0,35.0,4.0,0.0,40.0,0.5053605102841573,0.4579121519930089,0.4579121519930089
2025-06-19--17h-21m-46s,2.0,36.0,2.0,0.0,40.0,0.45102681179626236,0.7853981633974483,0.7853981633974483
2025-06-19--17h-21m-46s,2.0,36.0,2.0,0.0,40.0,0.45102681179626236,0.7853981633974483,0.7853981633974483
2025-06-19--17h-21m-46s,1.0,36.0,3.0,0.0,40.0,0.45102681179626236,0.5191914357337772,0.5191914357337772
2025-06-19--17h-21m-46s,2.0,35.0,3.0,0.0,40.0,0.5053605102841573,0.6831644623239246,0.6831644623239246
2025-06-19--17h-21m-46s,1.0,38.0,1.0,0.0,40.0,0.3175604292915215,0.7853981633974483,0.7853981633974483
2025-06-19--17h-21m-46s,2.0,35.0,3.0,0.0,40.0,0.5053605102841573,0.6831644623239246,0.6831644623239246
2025-06-19--17h-21m-46s,4.0,32.0,3.0,1.0,40.0,0.6840812317953292,0.8581711401373867,0.8581711401373867
2025-06-19--17h-21m-46s,2.0,36.0,2.0,0.0,40.0,0.45102681179626236,0.7853981633974483,0.7853981633974483
2025-06-19--17h-21m-46s,1.0,32.0,7.0,0.0,40.0,0.6435011087932843,0.3526467509528649,0.3526467509528649
2025-06-19--17h-21m-46s,3.0,35.0,1.0,1.0,40.0,0.5548110329800715,1.0516048910611193,1.0516048910611193
2025-06-19--17h-21m-46s,5.0,34.0,1.0,0.0,40.0,0.5548110329800715,1.1571145649952337,1.1571145649952337
2025-06-19--17h-21m-46s,3.0,36.0,1.0,0.0,40.0,0.45102681179626236,1.0516048910611193,1.0516048910611193
2025-06-19--17h-21m-46s,1.0,35.0,3.0,1.0,40.0,0.5548110329800715,0.5191914357337772,0.5191914357337772
2025-06-19--17h-21m-46s,2.0,36.0,2.0,0.0,40.0,0.45102681179626236,0.7853981633974483,0.7853981633974483
2025-06-19--17h-21m-46s,0.0,39.0,1.0,0.0,40.0,0.22407528530181936,,0.0
2025-06-19--17h-21m-46s,3.0,34.0,3.0,0.0,40.0,0.5548110329800715,0.7853981633974483,0.7853981633974483
2025-06-19--17h-21m-46s,3.0,35.0,2.0,0.0,40.0,0.5053605102841573,0.8876318644709721,0.8876318644709721
2025-06-19--17h-21m-46s,2.0,36.0,2.0,0.0,40.0,0.45102681179626236,0.7853981633974483,0.7853981633974483
2025-06-19--17h-21m-46s,1.0,37.0,2.0,0.0,40.0,0.3897607327974747,0.6127850976142151,0.6127850976142151
2025-06-19--17h-21m-46s,0.0,37.0,3.0,0.0,40.0,0.3897607327974747,,0.0
2025-06-19--17h-21m-46s,4.0,31.0,5.0,0.0,40.0,0.6840812317953292,0.7288762798605178,0.7288762798605178
2025-06-19--17h-21m-46s,2.0,36.0,2.0,0.0,40.0,0.45102681179626236,0.7853981633974483,0.7853981633974483
2025-06-19--17h-21m-46s,3.0,37.0,0.0,0.0,40.0,0.3897607327974747,,1.5707963267948966
2025-06-19--17h-21m-46s,2.0,34.0,2.0,2.0,40.0,0.6435011087932843,0.7853981633974483,0.7853981633974483
2025-06-19--17h-21m-46s,1.0,36.0,3.0,0.0,40.0,0.45102681179626236,0.5191914357337772,0.5191914357337772
2025-06-19--17h-21m-46s,1.0,37.0,2.0,0.0,40.0,0.3897607327974747,0.6127850976142151,0.6127850976142151
2025-06-19--17h-21m-46s,0.0,39.0,1.0,0.0,40.0,0.22407528530181936,,0.0
2025-06-19--17h-21m-46s,2.0,34.0,3.0,1.0,40.0,0.6005941268660511,0.6831644623239246,0.6831644623239246
2025-06-19--17h-21m-46s,2.0,36.0,2.0,0.0,40.0,0.45102681179626236,0.7853981633974483,0.7853981633974483
2025-06-19--17h-21m-46s,2.0,33.0,5.0,0.0,40.0,0.6005941268660511,0.5603246623469973,0.5603246623469973
2025-06-19--17h-21m-46s,3.0,32.0,5.0,0.0,40.0,0.6435011087932843,0.6570910503804337,0.6570910503804337
2025-06-19--17h-21m-46s,1.0,34.0,5.0,0.0,40.0,0.5548110329800715,0.41368176179966293,0.41368176179966293
2025-06-19--17h-21m-46s,3.0,33.0,4.0,0.0,40.0,0.6005941268660511,0.71262518665751,0.71262518665751
2025-06-19--17h-21m-46s,1.0,37.0,2.0,0.0,40.0,0.3897607327974747,0.6127850976142151,0.6127850976142151
2025-06-19--17h-21m-46s,2.0,36.0,2.0,0.0,40.0,0.45102681179626236,0.7853981633974483,0.7853981633974483
2025-06-19--17h-21m-46s,2.0,33.0,5.0,0.0,40.0,0.6005941268660511,0.5603246623469973,0.5603246623469973
2025-06-19--17h-21m-46s,3.0,32.0,5.0,0.0,40.0,0.6435011087932843,0.6570910503804337,0.6570910503804337
2025-06-19--17h-21m-46s,3.0,34.0,2.0,1.0,40.0,0.6005941268660511,0.8876318644709721,0.8876318644709721
2025-06-19--17h-21m-46s,3.0,37.0,0.0,0.0,40.0,0.3897607327974747,,1.5707963267948966
2025-06-19--17h-21m-46s,5.0,29.0,6.0,0.0,40.0,0.759761932507315,0.7391856506574815,0.7391856506574815
2025-06-19--17h-21m-46s,0.0,39.0,1.0,0.0,40.0,0.22407528530181936,,0.0
2025-06-19--17h-21m-46s,3.0,37.0,0.0,0.0,40.0,0.3897607327974747,,1.5707963267948966
2025-06-19--17h-21m-46s,2.0,34.0,4.0,0.0,40.0,0.5548110329800715,0.6127850976142151,0.6127850976142151
2025-06-19--17h-21m-46s,1.0,37.0,2.0,0.0,40.0,0.3897607327974747,0.6127850976142151,0.6127850976142151
2025-06-19--17h-21m-46s,2.0,35.0,2.0,1.0,40.0,0.5548110329800715,0.7853981633974483,0.7853981633974483
2025-06-19--17h-21m-46s,1.0,37.0,2.0,0.0,40.0,0.3897607327974747,0.6127850976142151,0.6127850976142151
2025-06-19--17h-21m-46s,2.0,36.0,2.0,0.0,40.0,0.45102681179626236,0.7853981633974483,0.7853981633974483
2025-06-19--17h-21m-46s,1.0,36.0,3.0,0.0,40.0,0.45102681179626236,0.5191914357337772,0.5191914357337772
2025-06-19--17h-21m-46s,1.0,39.0,0.0,0.0,40.0,0.22407528530181936,,1.5707963267948966
2025-06-19--17h-21m-46s,0.0,37.0,3.0,0.0,40.0,0.3897607327974747,,0.0
2025-06-19--17h-21m-46s,4.0,32.0,4.0,0.0,40.0,0.6435011087932843,0.7853981633974483,0.7853981633974483
2025-06-19--17h-21m-46s,3.0,34.0,3.0,0.0,40.0,0.5548110329800715,0.7853981633974483,0.7853981633974483
2025-06-19--17h-21m-46s,1.0,33.0,6.0,0.0,40.0,0.6005941268660511,0.3797625035820835,0.3797625035820835
2025-06-19--17h-21m-46s,2.0,35.0,3.0,0.0,40.0,0.5053605102841573,0.6831644623239246,0.6831644623239246
2025-06-19--17h-21m-46s,1.0,36.0,2.0,1.0,40.0,0.5053605102841573,0.6127850976142151,0.6127850976142151
2025-06-19--17h-21m-46s,1.0,36.0,3.0,0.0,40.0,0.45102681179626236,0.5191914357337772,0.5191914357337772
2025-06-19--17h-21m-46s,3.0,36.0,1.0,0.0,40.0,0.45102681179626236,1.0516048910611193,1.0516048910611193
2025-06-19--17h-21m-46s,2.0,36.0,2.0,0.0,40.0,0.45102681179626236,0.7853981633974483,0.7853981633974483
2025-06-19--17h-21m-46s,6.0,32.0,2.0,0.0,40.0,0.6435011087932843,1.0516048910611193,1.0516048910611193
2025-06-19--17h-21m-46s,0.0,33.0,7.0,0.0,40.0,0.6005941268660511,,0.0
2025-06-19--17h-21m-46s,4.0,34.0,2.0,0.0,40.0,0.5548110329800715,0.9580112291806815,0.9580112291806815
2025-06-19--17h-21m-46s,1.0,38.0,1.0,0.0,40.0,0.3175604292915215,0.7853981633974483,0.7853981633974483
2025-06-19--17h-21m-46s,5.0,34.0,1.0,0.0,40.0,0.5548110329800715,1.1571145649952337,1.1571145649952337
2025-06-19--17h-21m-46s,0.0,39.0,1.0,0.0,40.0,0.22407528530181936,,0.0
2025-06-19--17h-21m-46s,3.0,35.0,2.0,0.0,40.0,0.5053605102841573,0.8876318644709721,0.8876318644709721
2025-06-19--17h-21m-46s,4.0,30.0,4.0,2.0,40.0,0.7953988301841436,0.7853981633974483,0.7853981633974483
2025-06-19--17h-21m-46s,0.0,37.0,3.0,0.0,40.0,0.3897607327974747,,0.0
2025-06-19--17h-21m-46s,1.0,36.0,3.0,0.0,40.0,0.45102681179626236,0.5191914357337772,0.5191914357337772
2025-06-19--17h-21m-46s,3.0,32.0,5.0,0.0,40.0,0.6435011087932843,0.6570910503804337,0.6570910503804337
2025-06-19--17h-21m-46s,2.0,36.0,2.0,0.0,40.0,0.45102681179626236,0.7853981633974483,0.7853981633974483
2025-06-19--17h-21m-46s,0.0,37.0,3.0,0.0,40.0,0.3897607327974747,,0.0
2025-06-19--17h-21m-46s,0.0,37.0,3.0,0.0,40.0,0.3897607327974747,,0.0
2025-06-19--17h-21m-46s,1.0,35.0,4.0,0.0,40.0,0.5053605102841573,0.4579121519930089,0.4579121519930089
2025-06-19--17h-21m-46s,2.0,36.0,2.0,0.0,40.0,0.45102681179626236,0.7853981633974483,0.7853981633974483
2025-06-19--17h-21m-46s,1.0,38.0,1.0,0.0,40.0,0.3175604292915215,0.7853981633974483,0.7853981633974483
2025-06-19--17h-21m-46s,0.0,37.0,3.0,0.0,40.0,0.3897607327974747,,0.0
2025-06-19--17h-21m-46s,2.0,32.0,6.0,0.0,40.0,0.6435011087932843,0.5191914357337772,0.5191914357337772
2025-06-19--17h-21m-46s,2.0,38.0,0.0,0.0,40.0,0.3175604292915215,,1.5707963267948966
2025-06-19--17h-21m-46s,1.0,32.0,5.0,2.0,40.0,0.7227342478134156,0.41368176179966293,0.41368176179966293
2025-06-19--17h-21m-46s,3.0,35.0,2.0,0.0,40.0,0.5053605102841573,0.8876318644709721,0.8876318644709721
2025-06-19--17h-21m-46s,3.0,33.0,3.0,1.0,40.0,0.6435011087932843,0.7853981633974483,0.7853981633974483
2025-06-19--17h-21m-46s,1.0,37.0,2.0,0.0,40.0,0.3897607327974747,0.6127850976142151,0.6127850976142151
2025-06-19--17h-21m-46s,3.0,35.0,2.0,0.0,40.0,0.5053605102841573,0.8876318644709721,0.8876318644709721
2025-06-19--17h-21m-46s,0.0,38.0,2.0,0.0,40.0,0.3175604292915215,,0.0
2025-06-19--17h-21m-46s,3.0,32.0,5.0,0.0,40.0,0.6435011087932843,0.6570910503804337,0.6570910503804337
2025-06-19--17h-21m-46s,4.0,34.0,2.0,0.0,40.0,0.5548110329800715,0.9580112291806815,0.9580112291806815
2025-06-19--17h-21m-46s,4.0,35.0,1.0,0.0,40.0,0.5053605102841573,1.1128841748018878,1.1128841748018878
2025-06-19--17h-21m-46s,2.0,35.0,3.0,0.0,40.0,0.5053605102841573,0.6831644623239246,0.6831644623239246
2025-06-19--17h-21m-46s,2.0,36.0,2.0,0.0,40.0,0.45102681179626236,0.7853981633974483,0.7853981633974483
2025-06-19--17h-21m-46s,1.0,36.0,3.0,0.0,40.0,0.45102681179626236,0.5191914357337772,0.5191914357337772
2025-06-19--17h-21m-46s,2.0,37.0,1.0,0.0,40.0,0.3897607327974747,0.9580112291806815,0.9580112291806815
2025-06-19--17h-21m-46s,4.0,32.0,4.0,0.0,40.0,0.6435011087932843,0.7853981633974483,0.7853981633974483
2025-06-19--17h-21m-46s,3.0,34.0,3.0,0.0,40.0,0.5548110329800715,0.7853981633974483,0.7853981633974483
2025-06-19--17h-21m-46s,0.0,38.0,2.0,0.0,40.0,0.3175604292915215,,0.0
2025-06-19--17h-21m-46s,1.0,37.0,2.0,0.0,40.0,0.3897607327974747,0.6127850976142151,0.6127850976142151
2025-06-19--17h-21m-46s,1.0,38.0,0.0,1.0,40.0,0.3897607327974747,,1.5707963267948966
2025-06-19--17h-21m-46s,5.0,33.0,2.0,0.0,40.0,0.6005941268660511,1.0104716644478993,1.0104716644478993
2025-06-19--17h-21m-46s,1.0,33.0,6.0,0.0,40.0,0.6005941268660511,0.3797625035820835,0.3797625035820835
2025-06-19--17h-21m-46s,1.0,36.0,3.0,0.0,40.0,0.45102681179626236,0.5191914357337772,0.5191914357337772
2025-06-19--17h-21m-46s,2.0,33.0,5.0,0.0,40.0,0.6005941268660511,0.5603246623469973,0.5603246623469973
2025-06-19--17h-21m-46s,2.0,35.0,3.0,0.0,40.0,0.5053605102841573,0.6831644623239246,0.6831644623239246
2025-06-19--17h-21m-46s,0.0,36.0,4.0,0.0,40.0,0.45102681179626236,,0.0
2025-06-19--17h-21m-46s,1.0,36.0,2.0,1.0,40.0,0.5053605102841573,0.6127850976142151,0.6127850976142151
2025-06-19--17h-21m-46s,2.0,33.0,4.0,1.0,40.0,0.6435011087932843,0.6127850976142151,0.6127850976142151
2025-06-19--17h-21m-46s,2.0,35.0,3.0,0.0,40.0,0.5053605102841573,0.6831644623239246,0.6831644623239246
2025-06-19--17h-21m-46s,3.0,35.0,2.0,0.0,40.0,0.5053605102841573,0.8876318644709721,0.8876318644709721
2025-06-19--17h-21m-46s,1.0,37.0,2.0,0.0,40.0,0.3897607327974747,0.6127850976142151,0.6127850976142151
2025-06-19--17h-21m-46s,1.0,37.0,2.0,0.0,40.0,0.3897607327974747,0.6127850976142151,0.6127850976142151
2025-06-19--17h-21m-46s,1.0,35.0,4.0,0.0,40.0,0.5053605102841573,0.4579121519930089,0.4579121519930089
2025-06-19--17h-21m-46s,2.0,35.0,3.0,0.0,40.0,0.5053605102841573,0.6831644623239246,0.6831644623239246
2025-06-19--17h-21m-46s,4.0,34.0,2.0,0.0,40.0,0.5548110329800715,0.9580112291806815,0.9580112291806815
2025-06-19--17h-21m-46s,2.0,37.0,1.0,0.0,40.0,0.3897607327974747,0.9580112291806815,0.9580112291806815
2025-06-19--17h-21m-46s,2.0,33.0,5.0,0.0,40.0,0.6005941268660511,0.5603246623469973,0.5603246623469973
2025-06-19--17h-21m-46s,3.0,36.0,1.0,0.0,40.0,0.45102681179626236,1.0516048910611193,1.0516048910611193
2025-06-19--17h-21m-46s,1.0,33.0,6.0,0.0,40.0,0.6005941268660511,0.3797625035820835,0.3797625035820835
2025-06-19--17h-21m-46s,1.0,38.0,1.0,0.0,40.0,0.3175604292915215,0.7853981633974483,0.7853981633974483
2025-06-19--17h-21m-46s,2.0,37.0,1.0,0.0,40.0,0.3897607327974747,0.9580112291806815,0.9580112291806815
2025-06-19--17h-21m-46s,2.0,31.0,7.0,0.0,40.0,0.6840812317953292,0.48577771706979705,0.48577771706979705
2025-06-19--17h-21m-46s,4.0,27.0,8.0,1.0,40.0,0.863211890069541,0.6127850976142151,0.6127850976142151
2025-06-19--17h-21m-46s,3.0,35.0,2.0,0.0,40.0,0.5053605102841573,0.8876318644709721,0.8876318644709721
2025-06-19--17h-21m-46s,0.0,35.0,4.0,1.0,40.0,0.5548110329800715,,0.0
2025-06-19--17h-21m-46s,1.0,37.0,2.0,0.0,40.0,0.3897607327974747,0.6127850976142151,0.6127850976142151
2025-06-19--17h-21m-46s,1.0,34.0,5.0,0.0,40.0,0.5548110329800715,0.41368176179966293,0.41368176179966293
2025-06-19--17h-21m-46s,5.0,35.0,0.0,0.0,40.0,0.5053605102841573,,1.5707963267948966
2025-06-19--17h-21m-46s,1.0,34.0,5.0,0.0,40.0,0.5548110329800715,0.41368176179966293,0.41368176179966293
2025-06-19--17h-21m-46s,2.0,35.0,3.0,0.0,40.0,0.5053605102841573,0.6831644623239246,0.6831644623239246
2025-06-19--17h-21m-46s,1.0,35.0,4.0,0.0,40.0,0.5053605102841573,0.4579121519930089,0.4579121519930089
2025-06-19--17h-21m-46s,3.0,34.0,3.0,0.0,40.0,0.5548110329800715,0.7853981633974483,0.7853981633974483
2025-06-19--17h-21m-46s,1.0,37.0,1.0,1.0,40.0,0.45102681179626236,0.7853981633974483,0.7853981633974483
2025-06-19--17h-21m-46s,2.0,37.0,1.0,0.0,40.0,0.3897607327974747,0.9580112291806815,0.9580112291806815
2025-06-19--17h-21m-46s,3.0,35.0,2.0,0.0,40.0,0.5053605102841573,0.8876318644709721,0.8876318644709721
2025-06-19--17h-21m-46s,0.0,38.0,2.0,0.0,40.0,0.3175604292915215,,0.0
2025-06-19--17h-21m-46s,2.0,33.0,4.0,1.0,40.0,0.6435011087932843,0.6127850976142151,0.6127850976142151
2025-06-19--17h-21m-46s,1.0,37.0,2.0,0.0,40.0,0.3897607327974747,0.6127850976142151,0.6127850976142151
2025-06-19--17h-21m-46s,1.0,38.0,1.0,0.0,40.0,0.3175604292915215,0.7853981633974483,0.7853981633974483
2025-06-19--17h-21m-46s,3.0,36.0,1.0,0.0,40.0,0.45102681179626236,1.0516048910611193,1.0516048910611193
2025-06-19--17h-21m-46s,1.0,36.0,3.0,0.0,40.0,0.45102681179626236,0.5191914357337772,0.5191914357337772
2025-06-19--17h-21m-46s,5.0,32.0,3.0,0.0,40.0,0.6435011087932843,0.9137052764144629,0.9137052764144629
2025-06-19--17h-21m-46s,3.0,36.0,0.0,1.0,40.0,0.5053605102841573,,1.5707963267948966
2025-06-19--17h-21m-46s,0.0,37.0,3.0,0.0,40.0,0.3897607327974747,,0.0
2025-06-19--17h-21m-46s,3.0,36.0,1.0,0.0,40.0,0.45102681179626236,1.0516048910611193,1.0516048910611193
2025-06-19--17h-21m-46s,1.0,38.0,1.0,0.0,40.0,0.3175604292915215,0.7853981633974483,0.7853981633974483
2025-06-19--17h-21m-46s,1.0,37.0,2.0,0.0,40.0,0.3897607327974747,0.6127850976142151,0.6127850976142151
2025-06-19--17h-21m-46s,1.0,35.0,4.0,0.0,40.0,0.5053605102841573,0.4579121519930089,0.4579121519930089
2025-06-19--17h-21m-46s,6.0,31.0,3.0,0.0,40.0,0.6840812317953292,0.9580112291806815,0.9580112291806815
2025-06-19--17h-21m-46s,1.0,34.0,4.0,1.0,40.0,0.6005941268660511,0.4579121519930089,0.4579121519930089
2025-06-19--17h-21m-46s,2.0,36.0,2.0,0.0,40.0,0.45102681179626236,0.7853981633974483,0.7853981633974483
2025-06-19--17h-21m-46s,0.0,40.0,0.0,0.0,40.0,0.0,,
2025-06-19--17h-21m-46s,1.0,34.0,5.0,0.0,40.0,0.5548110329800715,0.41368176179966293,0.41368176179966293
2025-06-19--17h-21m-46s,3.0,35.0,2.0,0.0,40.0,0.5053605102841573,0.8876318644709721,0.8876318644709721
2025-06-19--17h-21m-46s,1.0,36.0,3.0,0.0,40.0,0.45102681179626236,0.5191914357337772,0.5191914357337772
2025-06-19--17h-21m-46s,4.0,35.0,1.0,0.0,40.0,0.5053605102841573,1.1128841748018878,1.1128841748018878
2025-06-19--17h-21m-46s,0.0,37.0,3.0,0.0,40.0,0.3897607327974747,,0.0
2025-06-19--17h-21m-46s,4.0,34.0,0.0,2.0,40.0,0.6435011087932843,,1.5707963267948966
2025-06-19--17h-21m-46s,1.0,35.0,4.0,0.0,40.0,0.5053605102841573,0.4579121519930089,0.4579121519930089
2025-06-19--17h-21m-46s,0.0,34.0,6.0,0.0,40.0,0.5548110329800715,,0.0
2025-06-19--17h-21m-46s,1.0,37.0,2.0,0.0,40.0,0.3897607327974747,0.6127850976142151,0.6127850976142151
2025-06-19--17h-21m-46s,0.0,37.0,2.0,1.0,40.0,0.45102681179626236,,0.0
2025-06-19--17h-21m-46s,4.0,35.0,1.0,0.0,40.0,0.5053605102841573,1.1128841748018878,1.1128841748018878
2025-06-19--17h-21m-46s,3.0,36.0,1.0,0.0,40.0,0.45102681179626236,1.0516048910611193,1.0516048910611193
2025-06-19--17h-21m-46s,5.0,34.0,1.0,0.0,40.0,0.5548110329800715,1.1571145649952337,1.1571145649952337
2025-06-19--17h-21m-46s,2.0,34.0,4.0,0.0,40.0,0.5548110329800715,0.6127850976142151,0.6127850976142151
2025-06-19--17h-21m-46s,2.0,35.0,3.0,0.0,40.0,0.5053605102841573,0.6831644623239246,0.6831644623239246
2025-06-19--17h-21m-46s,0.0,38.0,2.0,0.0,40.0,0.3175604292915215,,0.0
2025-06-19--17h-21m-46s,4.0,33.0,3.0,0.0,40.0,0.6005941268660511,0.8581711401373867,0.8581711401373867
2025-06-19--17h-21m-46s,2.0,37.0,1.0,0.0,40.0,0.3897607327974747,0.9580112291806815,0.9580112291806815
2025-06-19--17h-21m-46s,3.0,35.0,2.0,0.0,40.0,0.5053605102841573,0.8876318644709721,0.8876318644709721
2025-06-19--17h-21m-46s,2.0,34.0,4.0,0.0,40.0,0.5548110329800715,0.6127850976142151,0.6127850976142151
2025-06-19--17h-21m-46s,2.0,34.0,4.0,0.0,40.0,0.5548110329800715,0.6127850976142151,0.6127850976142151
2025-06-19--17h-21m-46s,5.0,30.0,4.0,1.0,40.0,0.759761932507315,0.8419200469343788,0.8419200469343788
2025-06-19--17h-21m-46s,5.0,33.0,2.0,0.0,40.0,0.6005941268660511,1.0104716644478993,1.0104716644478993
2025-06-19--17h-21m-46s,2.0,35.0,3.0,0.0,40.0,0.5053605102841573,0.6831644623239246,0.6831644623239246
2025-06-19--17h-21m-46s,1.0,37.0,2.0,0.0,40.0,0.3897607327974747,0.6127850976142151,0.6127850976142151
2025-06-19--17h-21m-46s,2.0,35.0,3.0,0.0,40.0,0.5053605102841573,0.6831644623239246,0.6831644623239246
2025-06-19--17h-21m-46s,0.0,38.0,2.0,0.0,40.0,0.3175604292915215,,0.0
2025-06-19--17h-21m-46s,1.0,32.0,5.0,2.0,40.0,0.7227342478134156,0.41368176179966293,0.41368176179966293
2025-06-19--17h-21m-46s,4.0,34.0,2.0,0.0,40.0,0.5548110329800715,0.9580112291806815,0.9580112291806815
2025-06-19--17h-21m-46s,2.0,38.0,0.0,0.0,40.0,0.3175604292915215,,1.5707963267948966
2025-06-19--17h-21m-46s,2.0,34.0,4.0,0.0,40.0,0.5548110329800715,0.6127850976142151,0.6127850976142151
2025-06-19--17h-21m-46s,2.0,36.0,2.0,0.0,40.0,0.45102681179626236,0.7853981633974483,0.7853981633974483
2025-06-19--17h-21m-46s,4.0,34.0,1.0,1.0,40.0,0.6005941268660511,1.1128841748018878,1.1128841748018878
2025-06-19--17h-21m-46s,0.0,40.0,0.0,0.0,40.0,0.0,,
2025-06-19--17h-21m-46s,1.0,38.0,1.0,0.0,40.0,0.3175604292915215,0.7853981633974483,0.7853981633974483
2025-06-19--17h-21m-46s,2.0,35.0,2.0,1.0,40.0,0.5548110329800715,0.7853981633974483,0.7853981633974483
2025-06-19--17h-21m-46s,3.0,34.0,3.0,0.0,40.0,0.5548110329800715,0.7853981633974483,0.7853981633974483
2025-06-19--17h-21m-46s,1.0,37.0,2.0,0.0,40.0,0.3897607327974747,0.6127850976142151,0.6127850976142151
2025-06-19--17h-21m-46s,2.0,34.0,2.0,2.0,40.0,0.6435011087932843,0.7853981633974483,0.7853981633974483
2025-06-19--17h-21m-46s,2.0,35.0,2.0,1.0,40.0,0.5548110329800715,0.7853981633974483,0.7853981633974483
2025-06-19--17h-21m-46s,0.0,40.0,0.0,0.0,40.0,0.0,,
2025-06-19--17h-21m-46s,4.0,33.0,3.0,0.0,40.0,0.6005941268660511,0.8581711401373867,0.8581711401373867
2025-06-19--17h-21m-46s,5.0,34.0,1.0,0.0,40.0,0.5548110329800715,1.1571145649952337,1.1571145649952337
2025-06-19--17h-21m-46s,2.0,34.0,4.0,0.0,40.0,0.5548110329800715,0.6127850976142151,0.6127850976142151
2025-06-19--17h-21m-46s,1.0,36.0,3.0,0.0,40.0,0.45102681179626236,0.5191914357337772,0.5191914357337772
2025-06-19--17h-21m-46s,1.0,35.0,4.0,0.0,40.0,0.5053605102841573,0.4579121519930089,0.4579121519930089
2025-06-19--17h-21m-46s,3.0,35.0,2.0,0.0,40.0,0.5053605102841573,0.8876318644709721,0.8876318644709721
2025-06-19--17h-21m-46s,2.0,37.0,1.0,0.0,40.0,0.3897607327974747,0.9580112291806815,0.9580112291806815
2025-06-19--17h-21m-46s,0.0,39.0,1.0,0.0,40.0,0.22407528530181936,,0.0
2025-06-19--17h-21m-46s,0.0,38.0,2.0,0.0,40.0,0.3175604292915215,,0.0
2025-06-19--17h-21m-46s,2.0,36.0,2.0,0.0,40.0,0.45102681179626236,0.7853981633974483,0.7853981633974483
2025-06-19--17h-21m-46s,3.0,34.0,3.0,0.0,40.0,0.5548110329800715,0.7853981633974483,0.7853981633974483
2025-06-19--17h-21m-46s,1.0,38.0,1.0,0.0,40.0,0.3175604292915215,0.7853981633974483,0.7853981633974483
2025-06-19--17h-21m-46s,2.0,36.0,2.0,0.0,40.0,0.45102681179626236,0.7853981633974483,0.7853981633974483
2025-06-19--17h-21m-46s,3.0,35.0,1.0,1.0,40.0,0.5548110329800715,1.0516048910611193,1.0516048910611193
2025-06-19--17h-21m-46s,2.0,38.0,0.0,0.0,40.0,0.3175604292915215,,1.5707963267948966
2025-06-19--17h-21m-46s,3.0,34.0,2.0,1.0,40.0,0.6005941268660511,0.8876318644709721,0.8876318644709721
2025-06-19--17h-21m-46s,0.0,37.0,3.0,0.0,40.0,0.3897607327974747,,0.0
2025-06-19--17h-21m-46s,3.0,37.0,0.0,0.0,40.0,0.3897607327974747,,1.5707963267948966
2025-06-19--17h-21m-46s,2.0,35.0,3.0,0.0,40.0,0.5053605102841573,0.6831644623239246,0.6831644623239246
2025-06-19--17h-21m-46s,5.0,31.0,4.0,0.0,40.0,0.6840812317953292,0.8419200469343788,0.8419200469343788
2025-06-19--17h-21m-46s,1.0,37.0,2.0,0.0,40.0,0.3897607327974747,0.6127850976142151,0.6127850976142151
2025-06-19--17h-21m-46s,2.0,34.0,4.0,0.0,40.0,0.5548110329800715,0.6127850976142151,0.6127850976142151
2025-06-19--17h-21m-46s,2.0,37.0,1.0,0.0,40.0,0.3897607327974747,0.9580112291806815,0.9580112291806815
2025-06-19--17h-21m-46s,4.0,32.0,4.0,0.0,40.0,0.6435011087932843,0.7853981633974483,0.7853981633974483
2025-06-19--17h-21m-46s,3.0,32.0,5.0,0.0,40.0,0.6435011087932843,0.6570910503804337,0.6570910503804337
2025-06-19--17h-21m-46s,2.0,36.0,2.0,0.0,40.0,0.45102681179626236,0.7853981633974483,0.7853981633974483
2025-06-19--17h-21m-46s,3.0,36.0,1.0,0.0,40.0,0.45102681179626236,1.0516048910611193,1.0516048910611193
2025-06-19--17h-21m-46s,2.0,37.0,1.0,0.0,40.0,0.3897607327974747,0.9580112291806815,0.9580112291806815
2025-06-19--17h-21m-46s,2.0,34.0,2.0,2.0,40.0,0.6435011087932843,0.7853981633974483,0.7853981633974483
2025-06-19--17h-21m-46s,2.0,37.0,1.0,0.0,40.0,0.3897607327974747,0.9580112291806815,0.9580112291806815
2025-06-19--17h-21m-46s,0.0,38.0,2.0,0.0,40.0,0.3175604292915215,,0.0
2025-06-19--17h-21m-46s,1.0,36.0,3.0,0.0,40.0,0.45102681179626236,0.5191914357337772,0.5191914357337772
2025-06-19--17h-21m-46s,1.0,37.0,2.0,0.0,40.0,0.3897607327974747,0.6127850976142151,0.6127850976142151
2025-06-19--17h-21m-46s,2.0,34.0,4.0,0.0,40.0,0.5548110329800715,0.6127850976142151,0.6127850976142151
2025-06-19--17h-21m-46s,5.0,33.0,2.0,0.0,40.0,0.6005941268660511,1.0104716644478993,1.0104716644478993
2025-06-19--17h-21m-46s,1.0,38.0,1.0,0.0,40.0,0.3175604292915215,0.7853981633974483,0.7853981633974483
2025-06-19--17h-21m-46s,0.0,38.0,2.0,0.0,40.0,0.3175604292915215,,0.0
2025-06-19--17h-21m-46s,2.0,35.0,3.0,0.0,40.0,0.5053605102841573,0.6831644623239246,0.6831644623239246
2025-06-19--17h-21m-46s,0.0,38.0,2.0,0.0,40.0,0.3175604292915215,,0.0
2025-06-19--17h-21m-46s,2.0,37.0,1.0,0.0,40.0,0.3897607327974747,0.9580112291806815,0.9580112291806815
2025-06-19--17h-21m-46s,4.0,35.0,1.0,0.0,40.0,0.5053605102841573,1.1128841748018878,1.1128841748018878
2025-06-19--17h-21m-46s,3.0,34.0,3.0,0.0,40.0,0.5548110329800715,0.7853981633974483,0.7853981633974483
2025-06-19--17h-21m-46s,2.0,34.0,4.0,0.0,40.0,0.5548110329800715,0.6127850976142151,0.6127850976142151
2025-06-19--17h-21m-46s,0.0,37.0,3.0,0.0,40.0,0.3897607327974747,,0.0
2025-06-19--17h-21m-46s,1.0,37.0,2.0,0.0,40.0,0.3897607327974747,0.6127850976142151,0.6127850976142151
2025-06-19--17h-21m-46s,2.0,37.0,1.0,0.0,40.0,0.3897607327974747,0.9580112291806815,0.9580112291806815
2025-06-19--17h-21m-46s,6.0,34.0,0.0,0.0,40.0,0.5548110329800715,,1.5707963267948966
2025-06-19--17h-21m-46s,1.0,36.0,3.0,0.0,40.0,0.45102681179626236,0.5191914357337772,0.5191914357337772
2025-06-19--17h-21m-46s,5.0,32.0,3.0,0.0,40.0,0.6435011087932843,0.9137052764144629,0.9137052764144629
2025-06-19--17h-21m-46s,2.0,36.0,2.0,0.0,40.0,0.45102681179626236,0.7853981633974483,0.7853981633974483
2025-06-19--17h-21m-46s,3.0,33.0,4.0,0.0,40.0,0.6005941268660511,0.71262518665751,0.71262518665751
2025-06-19--17h-21m-46s,3.0,35.0,2.0,0.0,40.0,0.5053605102841573,0.8876318644709721,0.8876318644709721
2025-06-19--17h-21m-46s,0.0,35.0,5.0,0.0,40.0,0.5053605102841573,,0.0
2025-06-19--17h-21m-46s,1.0,38.0,1.0,0.0,40.0,0.3175604292915215,0.7853981633974483,0.7853981633974483
2025-06-19--17h-21m-46s,0.0,37.0,3.0,0.0,40.0,0.3897607327974747,,0.0
2025-06-19--17h-21m-46s,2.0,33.0,4.0,1.0,40.0,0.6435011087932843,0.6127850976142151,0.6127850976142151
2025-06-19--17h-21m-46s,2.0,36.0,2.0,0.0,40.0,0.45102681179626236,0.7853981633974483,0.7853981633974483
2025-06-19--17h-21m-46s,0.0,38.0,2.0,0.0,40.0,0.3175604292915215,,0.0
2025-06-19--17h-21m-46s,3.0,33.0,3.0,1.0,40.0,0.6435011087932843,0.7853981633974483,0.7853981633974483
2025-06-19--17h-21m-46s,3.0,35.0,2.0,0.0,40.0,0.5053605102841573,0.8876318644709721,0.8876318644709721
2025-06-19--17h-21m-46s,3.0,33.0,4.0,0.0,40.0,0.6005941268660511,0.71262518665751,0.71262518665751
2025-06-19--17h-21m-46s,0.0,36.0,4.0,0.0,40.0,0.45102681179626236,,0.0
2025-06-19--17h-21m-46s,1.0,37.0,2.0,0.0,40.0,0.3897607327974747,0.6127850976142151,0.6127850976142151
2025-06-19--17h-21m-46s,2.0,36.0,2.0,0.0,40.0,0.45102681179626236,0.7853981633974483,0.7853981633974483
2025-06-19--17h-21m-46s,2.0,36.0,2.0,0.0,40.0,0.45102681179626236,0.7853981633974483,0.7853981633974483
2025-06-19--17h-21m-46s,3.0,35.0,1.0,1.0,40.0,0.5548110329800715,1.0516048910611193,1.0516048910611193
2025-06-19--17h-21m-46s,2.0,37.0,1.0,0.0,40.0,0.3897607327974747,0.9580112291806815,0.9580112291806815
2025-06-19--17h-21m-46s,3.0,33.0,4.0,0.0,40.0,0.6005941268660511,0.71262518665751,0.71262518665751
2025-06-19--17h-21m-46s,4.0,35.0,1.0,0.0,40.0,0.5053605102841573,1.1128841748018878,1.1128841748018878
2025-06-19--17h-21m-46s,1.0,35.0,4.0,0.0,40.0,0.5053605102841573,0.4579121519930089,0.4579121519930089
2025-06-19--17h-21m-46s,3.0,35.0,2.0,0.0,40.0,0.5053605102841573,0.8876318644709721,0.8876318644709721
2025-06-19--17h-21m-46s,1.0,36.0,3.0,0.0,40.0,0.45102681179626236,0.5191914357337772,0.5191914357337772
2025-06-19--17h-21m-46s,3.0,34.0,3.0,0.0,40.0,0.5548110329800715,0.7853981633974483,0.7853981633974483
2025-06-19--17h-21m-46s,2.0,36.0,2.0,0.0,40.0,0.45102681179626236,0.7853981633974483,0.7853981633974483
2025-06-19--17h-21m-46s,0.0,36.0,4.0,0.0,40.0,0.45102681179626236,,0.0
2025-06-19--17h-21m-46s,2.0,38.0,0.0,0.0,40.0,0.3175604292915215,,1.5707963267948966
2025-06-19--17h-21m-46s,2.0,36.0,2.0,0.0,40.0,0.45102681179626236,0.7853981633974483,0.7853981633974483
2025-06-19--17h-21m-46s,2.0,35.0,3.0,0.0,40.0,0.5053605102841573,0.6831644623239246,0.6831644623239246
2025-06-19--17h-21m-46s,1.0,35.0,3.0,1.0,40.0,0.5548110329800715,0.5191914357337772,0.5191914357337772
2025-06-19--17h-21m-46s,1.0,36.0,3.0,0.0,40.0,0.45102681179626236,0.5191914357337772,0.5191914357337772
2025-06-19--17h-21m-46s,4.0,35.0,1.0,0.0,40.0,0.5053605102841573,1.1128841748018878,1.1128841748018878
2025-06-19--17h-21m-46s,1.0,34.0,5.0,0.0,40.0,0.5548110329800715,0.41368176179966293,0.41368176179966293
2025-06-19--17h-21m-46s,1.0,34.0,4.0,1.0,40.0,0.6005941268660511,0.4579121519930089,0.4579121519930089
2025-06-19--17h-21m-46s,3.0,35.0,2.0,0.0,40.0,0.5053605102841573,0.8876318644709721,0.8876318644709721
2025-06-19--17h-21m-46s,0.0,38.0,2.0,0.0,40.0,0.3175604292915215,,0.0
2025-06-19--17h-21m-46s,1.0,35.0,4.0,0.0,40.0,0.5053605102841573,0.4579121519930089,0.4579121519930089
2025-06-19--17h-21m-46s,3.0,33.0,4.0,0.0,40.0,0.6005941268660511,0.71262518665751,0.71262518665751
2025-06-19--17h-21m-46s,1.0,38.0,1.0,0.0,40.0,0.3175604292915215,0.7853981633974483,0.7853981633974483
2025-06-19--17h-21m-46s,1.0,38.0,1.0,0.0,40.0,0.3175604292915215,0.7853981633974483,0.7853981633974483
2025-06-19--17h-21m-46s,2.0,34.0,4.0,0.0,40.0,0.5548110329800715,0.6127850976142151,0.6127850976142151
2025-06-19--17h-21m-46s,4.0,33.0,3.0,0.0,40.0,0.6005941268660511,0.8581711401373867,0.8581711401373867
2025-06-19--17h-21m-46s,5.0,31.0,4.0,0.0,40.0,0.6840812317953292,0.8419200469343788,0.8419200469343788
2025-06-19--17h-21m-46s,0.0,36.0,4.0,0.0,40.0,0.45102681179626236,,0.0
2025-06-19--17h-21m-46s,3.0,36.0,1.0,0.0,40.0,0.45102681179626236,1.0516048910611193,1.0516048910611193
2025-06-19--17h-21m-46s,1.0,36.0,3.0,0.0,40.0,0.45102681179626236,0.5191914357337772,0.5191914357337772
2025-06-19--17h-21m-46s,2.0,35.0,3.0,0.0,40.0,0.5053605102841573,0.6831644623239246,0.6831644623239246
2025-06-19--17h-21m-46s,1.0,37.0,2.0,0.0,40.0,0.3897607327974747,0.6127850976142151,0.6127850976142151
2025-06-19--17h-21m-46s,2.0,35.0,3.0,0.0,40.0,0.5053605102841573,0.6831644623239246,0.6831644623239246
2025-06-19--17h-21m-46s,3.0,34.0,3.0,0.0,40.0,0.5548110329800715,0.7853981633974483,0.7853981633974483
2025-06-19--17h-21m-46s,0.0,37.0,3.0,0.0,40.0,0.3897607327974747,,0.0
2025-06-19--17h-21m-46s,2.0,37.0,1.0,0.0,40.0,0.3897607327974747,0.9580112291806815,0.9580112291806815
2025-06-19--17h-21m-46s,2.0,36.0,2.0,0.0,40.0,0.45102681179626236,0.7853981633974483,0.7853981633974483
2025-06-19--17h-21m-46s,2.0,34.0,4.0,0.0,40.0,0.5548110329800715,0.6127850976142151,0.6127850976142151
2025-06-19--17h-21m-46s,2.0,35.0,3.0,0.0,40.0,0.5053605102841573,0.6831644623239246,0.6831644623239246
2025-06-19--17h-21m-46s,4.0,34.0,2.0,0.0,40.0,0.5548110329800715,0.9580112291806815,0.9580112291806815
2025-06-19--17h-21m-46s,1.0,35.0,3.0,1.0,40.0,0.5548110329800715,0.5191914357337772,0.5191914357337772
2025-06-19--17h-21m-46s,1.0,38.0,1.0,0.0,40.0,0.3175604292915215,0.7853981633974483,0.7853981633974483
2025-06-19--17h-21m-46s,4.0,34.0,2.0,0.0,40.0,0.5548110329800715,0.9580112291806815,0.9580112291806815
2025-06-19--17h-21m-46s,1.0,36.0,3.0,0.0,40.0,0.45102681179626236,0.5191914357337772,0.5191914357337772
2025-06-19--17h-21m-46s,0.0,37.0,3.0,0.0,40.0,0.3897607327974747,,0.0
2025-06-19--17h-21m-46s,2.0,37.0,1.0,0.0,40.0,0.3897607327974747,0.9580112291806815,0.9580112291806815
2025-06-19--17h-21m-46s,3.0,35.0,2.0,0.0,40.0,0.5053605102841573,0.8876318644709721,0.8876318644709721
2025-06-19--17h-21m-46s,2.0,37.0,1.0,0.0,40.0,0.3897607327974747,0.9580112291806815,0.9580112291806815
2025-06-19--17h-21m-46s,2.0,36.0,2.0,0.0,40.0,0.45102681179626236,0.7853981633974483,0.7853981633974483
2025-06-19--17h-21m-46s,1.0,38.0,1.0,0.0,40.0,0.3175604292915215,0.7853981633974483,0.7853981633974483
2025-06-19--17h-21m-46s,1.0,35.0,3.0,1.0,40.0,0.5548110329800715,0.5191914357337772,0.5191914357337772
2025-06-19--17h-21m-46s,4.0,34.0,2.0,0.0,40.0,0.5548110329800715,0.9580112291806815,0.9580112291806815
2025-06-19--17h-21m-46s,2.0,35.0,3.0,0.0,40.0,0.5053605102841573,0.6831644623239246,0.6831644623239246
2025-06-19--17h-21m-46s,1.0,36.0,3.0,0.0,40.0,0.45102681179626236,0.5191914357337772,0.5191914357337772
2025-06-19--17h-21m-46s,0.0,38.0,2.0,0.0,40.0,0.3175604292915215,,0.0
2025-06-19--17h-21m-46s,2.0,35.0,2.0,1.0,40.0,0.5548110329800715,0.7853981633974483,0.7853981633974483
2025-06-19--17h-21m-46s,1.0,39.0,0.0,0.0,40.0,0.22407528530181936,,1.5707963267948966
2025-06-19--17h-21m-46s,2.0,36.0,2.0,0.0,40.0,0.45102681179626236,0.7853981633974483,0.7853981633974483
2025-06-19--17h-21m-46s,1.0,34.0,5.0,0.0,40.0,0.5548110329800715,0.41368176179966293,0.41368176179966293
2025-06-19--17h-21m-46s,1.0,36.0,3.0,0.0,40.0,0.45102681179626236,0.5191914357337772,0.5191914357337772
2025-06-19--17h-21m-46s,4.0,31.0,5.0,0.0,40.0,0.6840812317953292,0.7288762798605178,0.7288762798605178
2025-06-19--17h-21m-46s,2.0,35.0,3.0,0.0,40.0,0.5053605102841573,0.6831644623239246,0.6831644623239246
2025-06-19--17h-21m-46s,1.0,38.0,1.0,0.0,40.0,0.3175604292915215,0.7853981633974483,0.7853981633974483
2025-06-19--17h-21m-46s,0.0,36.0,3.0,1.0,40.0,0.5053605102841573,,0.0
2025-06-19--17h-21m-46s,6.0,33.0,1.0,0.0,40.0,0.6005941268660511,1.191033823212813,1.191033823212813
2025-06-19--17h-21m-46s,1.0,36.0,2.0,1.0,40.0,0.5053605102841573,0.6127850976142151,0.6127850976142151
2025-06-19--17h-21m-46s,1.0,38.0,1.0,0.0,40.0,0.3175604292915215,0.7853981633974483,0.7853981633974483
2025-06-19--17h-21m-46s,1.0,37.0,2.0,0.0,40.0,0.3897607327974747,0.6127850976142151,0.6127850976142151
2025-06-19--17h-21m-46s,1.0,39.0,0.0,0.0,40.0,0.22407528530181936,,1.5707963267948966
2025-06-19--17h-21m-46s,3.0,32.0,4.0,1.0,40.0,0.6840812317953292,0.71262518665751,0.71262518665751
2025-06-19--17h-21m-46s,1.0,35.0,4.0,0.0,40.0,0.5053605102841573,0.4579121519930089,0.4579121519930089
2025-06-19--17h-21m-46s,3.0,36.0,1.0,0.0,40.0,0.45102681179626236,1.0516048910611193,1.0516048910611193
2025-06-19--17h-21m-46s,0.0,39.0,1.0,0.0,40.0,0.22407528530181936,,0.0
2025-06-19--17h-21m-46s,3.0,34.0,3.0,0.0,40.0,0.5548110329800715,0.7853981633974483,0.7853981633974483
2025-06-19--17h-21m-46s,1.0,36.0,3.0,0.0,40.0,0.45102681179626236,0.5191914357337772,0.5191914357337772
2025-06-19--17h-21m-46s,1.0,37.0,2.0,0.0,40.0,0.3897607327974747,0.6127850976142151,0.6127850976142151
2025-06-19--17h-21m-46s,4.0,35.0,1.0,0.0,40.0,0.5053605102841573,1.1128841748018878,1.1128841748018878
2025-06-19--17h-21m-46s,4.0,34.0,2.0,0.0,40.0,0.5548110329800715,0.9580112291806815,0.9580112291806815
