data_dir,C',HH,SB,VV,N
2025-06-18--17h-46m-54s,1.0,38.0,1.0,0.0,40.0
2025-06-18--17h-46m-54s,0.0,39.0,0.0,1.0,40.0
2025-06-18--17h-46m-54s,0.0,39.0,1.0,0.0,40.0
2025-06-18--17h-46m-54s,2.0,38.0,0.0,0.0,40.0
2025-06-18--17h-46m-54s,0.0,39.0,1.0,0.0,40.0
2025-06-18--17h-46m-54s,2.0,36.0,2.0,0.0,40.0
2025-06-18--17h-46m-54s,0.0,39.0,1.0,0.0,40.0
2025-06-18--17h-46m-54s,0.0,40.0,0.0,0.0,40.0
2025-06-18--17h-46m-54s,0.0,39.0,1.0,0.0,40.0
2025-06-18--17h-46m-54s,1.0,36.0,3.0,0.0,40.0
2025-06-18--17h-46m-54s,2.0,38.0,0.0,0.0,40.0
2025-06-18--17h-46m-54s,0.0,40.0,0.0,0.0,40.0
2025-06-18--17h-46m-54s,1.0,39.0,0.0,0.0,40.0
2025-06-18--17h-46m-54s,0.0,40.0,0.0,0.0,40.0
2025-06-18--17h-46m-54s,3.0,36.0,1.0,0.0,40.0
2025-06-18--17h-46m-54s,1.0,38.0,1.0,0.0,40.0
2025-06-18--17h-46m-54s,0.0,40.0,0.0,0.0,40.0
2025-06-18--17h-46m-54s,1.0,38.0,1.0,0.0,40.0
2025-06-18--17h-46m-54s,2.0,38.0,0.0,0.0,40.0
2025-06-18--17h-46m-54s,0.0,40.0,0.0,0.0,40.0
2025-06-18--17h-46m-54s,0.0,39.0,1.0,0.0,40.0
2025-06-18--17h-46m-54s,1.0,37.0,2.0,0.0,40.0
2025-06-18--17h-46m-54s,1.0,39.0,0.0,0.0,40.0
2025-06-18--17h-46m-54s,1.0,39.0,0.0,0.0,40.0
2025-06-18--17h-46m-54s,1.0,37.0,1.0,1.0,40.0
2025-06-18--17h-46m-54s,1.0,39.0,0.0,0.0,40.0
2025-06-18--17h-46m-54s,0.0,39.0,1.0,0.0,40.0
2025-06-18--17h-46m-54s,1.0,39.0,0.0,0.0,40.0
2025-06-18--17h-46m-54s,1.0,37.0,2.0,0.0,40.0
2025-06-18--17h-46m-54s,0.0,40.0,0.0,0.0,40.0
2025-06-18--17h-46m-54s,0.0,40.0,0.0,0.0,40.0
2025-06-18--17h-46m-54s,0.0,37.0,3.0,0.0,40.0
2025-06-18--17h-46m-54s,1.0,37.0,2.0,0.0,40.0
2025-06-18--17h-46m-54s,0.0,40.0,0.0,0.0,40.0
2025-06-18--17h-46m-54s,1.0,37.0,1.0,1.0,40.0
2025-06-18--17h-46m-54s,3.0,37.0,0.0,0.0,40.0
2025-06-18--17h-46m-54s,1.0,39.0,0.0,0.0,40.0
2025-06-18--17h-46m-54s,2.0,36.0,2.0,0.0,40.0
2025-06-18--17h-46m-54s,0.0,40.0,0.0,0.0,40.0
2025-06-18--17h-46m-54s,1.0,39.0,0.0,0.0,40.0
2025-06-18--17h-46m-54s,0.0,40.0,0.0,0.0,40.0
2025-06-18--17h-46m-54s,0.0,39.0,1.0,0.0,40.0
2025-06-18--17h-46m-54s,0.0,39.0,1.0,0.0,40.0
2025-06-18--17h-46m-54s,0.0,39.0,1.0,0.0,40.0
2025-06-18--17h-46m-54s,1.0,38.0,1.0,0.0,40.0
2025-06-18--17h-46m-54s,1.0,35.0,4.0,0.0,40.0
2025-06-18--17h-46m-54s,1.0,39.0,0.0,0.0,40.0
2025-06-18--17h-46m-54s,2.0,37.0,1.0,0.0,40.0
2025-06-18--17h-46m-54s,2.0,37.0,1.0,0.0,40.0
2025-06-18--17h-46m-54s,3.0,35.0,2.0,0.0,40.0
2025-06-18--17h-46m-54s,1.0,38.0,1.0,0.0,40.0
2025-06-18--17h-46m-54s,0.0,40.0,0.0,0.0,40.0
2025-06-18--17h-46m-54s,0.0,37.0,3.0,0.0,40.0
2025-06-18--17h-46m-54s,0.0,40.0,0.0,0.0,40.0
2025-06-18--17h-46m-54s,1.0,38.0,1.0,0.0,40.0
2025-06-18--17h-46m-54s,0.0,40.0,0.0,0.0,40.0
2025-06-18--17h-46m-54s,0.0,39.0,1.0,0.0,40.0
2025-06-18--17h-46m-54s,2.0,37.0,1.0,0.0,40.0
2025-06-18--17h-46m-54s,1.0,39.0,0.0,0.0,40.0
2025-06-18--17h-46m-54s,0.0,40.0,0.0,0.0,40.0
2025-06-18--17h-46m-54s,0.0,38.0,1.0,1.0,40.0
2025-06-18--17h-46m-54s,3.0,35.0,2.0,0.0,40.0
2025-06-18--17h-46m-54s,1.0,39.0,0.0,0.0,40.0
2025-06-18--17h-46m-54s,1.0,39.0,0.0,0.0,40.0
2025-06-18--17h-46m-54s,0.0,37.0,3.0,0.0,40.0
2025-06-18--17h-46m-54s,0.0,37.0,3.0,0.0,40.0
2025-06-18--17h-46m-54s,0.0,39.0,1.0,0.0,40.0
2025-06-18--17h-46m-54s,0.0,38.0,2.0,0.0,40.0
2025-06-18--17h-46m-54s,1.0,38.0,1.0,0.0,40.0
2025-06-18--17h-46m-54s,0.0,40.0,0.0,0.0,40.0
2025-06-18--17h-46m-54s,1.0,39.0,0.0,0.0,40.0
2025-06-18--17h-46m-54s,3.0,33.0,4.0,0.0,40.0
2025-06-18--17h-46m-54s,0.0,40.0,0.0,0.0,40.0
2025-06-18--17h-46m-54s,1.0,38.0,1.0,0.0,40.0
2025-06-18--17h-46m-54s,1.0,38.0,1.0,0.0,40.0
2025-06-18--17h-46m-54s,0.0,40.0,0.0,0.0,40.0
2025-06-18--17h-46m-54s,2.0,38.0,0.0,0.0,40.0
2025-06-18--17h-46m-54s,1.0,38.0,1.0,0.0,40.0
2025-06-18--17h-46m-54s,1.0,39.0,0.0,0.0,40.0
2025-06-18--17h-46m-54s,1.0,37.0,2.0,0.0,40.0
2025-06-18--17h-46m-54s,1.0,39.0,0.0,0.0,40.0
2025-06-18--17h-46m-54s,1.0,36.0,3.0,0.0,40.0
2025-06-18--17h-46m-54s,0.0,38.0,2.0,0.0,40.0
2025-06-18--17h-46m-54s,0.0,39.0,1.0,0.0,40.0
2025-06-18--17h-46m-54s,0.0,36.0,4.0,0.0,40.0
2025-06-18--17h-46m-54s,1.0,39.0,0.0,0.0,40.0
2025-06-18--17h-46m-54s,0.0,39.0,0.0,1.0,40.0
2025-06-18--17h-46m-54s,0.0,38.0,2.0,0.0,40.0
2025-06-18--17h-46m-54s,0.0,39.0,1.0,0.0,40.0
2025-06-18--17h-46m-54s,2.0,36.0,2.0,0.0,40.0
2025-06-18--17h-46m-54s,0.0,40.0,0.0,0.0,40.0
2025-06-18--17h-46m-54s,0.0,37.0,3.0,0.0,40.0
2025-06-18--17h-46m-54s,1.0,39.0,0.0,0.0,40.0
2025-06-18--17h-46m-54s,2.0,38.0,0.0,0.0,40.0
2025-06-18--17h-46m-54s,1.0,38.0,1.0,0.0,40.0
2025-06-18--17h-46m-54s,0.0,39.0,1.0,0.0,40.0
2025-06-18--17h-46m-54s,2.0,37.0,1.0,0.0,40.0
2025-06-18--17h-46m-54s,0.0,39.0,1.0,0.0,40.0
2025-06-18--17h-46m-54s,0.0,39.0,1.0,0.0,40.0
2025-06-18--17h-46m-54s,1.0,39.0,0.0,0.0,40.0
2025-06-18--17h-46m-54s,3.0,37.0,0.0,0.0,40.0
2025-06-18--17h-46m-54s,1.0,39.0,0.0,0.0,40.0
2025-06-18--17h-46m-54s,1.0,39.0,0.0,0.0,40.0
2025-06-18--17h-46m-54s,2.0,38.0,0.0,0.0,40.0
2025-06-18--17h-46m-54s,0.0,38.0,2.0,0.0,40.0
2025-06-18--17h-46m-54s,2.0,36.0,2.0,0.0,40.0
2025-06-18--17h-46m-54s,1.0,38.0,1.0,0.0,40.0
2025-06-18--17h-46m-54s,2.0,36.0,2.0,0.0,40.0
2025-06-18--17h-46m-54s,0.0,39.0,1.0,0.0,40.0
2025-06-18--17h-46m-54s,0.0,39.0,1.0,0.0,40.0
2025-06-18--17h-46m-54s,1.0,38.0,1.0,0.0,40.0
2025-06-18--17h-46m-54s,1.0,38.0,1.0,0.0,40.0
2025-06-18--17h-46m-54s,0.0,39.0,1.0,0.0,40.0
2025-06-18--17h-46m-54s,0.0,39.0,1.0,0.0,40.0
2025-06-18--17h-46m-54s,0.0,40.0,0.0,0.0,40.0
2025-06-18--17h-46m-54s,2.0,38.0,0.0,0.0,40.0
2025-06-18--17h-46m-54s,0.0,40.0,0.0,0.0,40.0
2025-06-18--17h-46m-54s,0.0,40.0,0.0,0.0,40.0
2025-06-18--17h-46m-54s,2.0,37.0,1.0,0.0,40.0
2025-06-18--17h-46m-54s,2.0,38.0,0.0,0.0,40.0
2025-06-18--17h-46m-54s,2.0,38.0,0.0,0.0,40.0
2025-06-18--17h-46m-54s,0.0,40.0,0.0,0.0,40.0
2025-06-18--17h-46m-54s,1.0,38.0,1.0,0.0,40.0
2025-06-18--17h-46m-54s,0.0,40.0,0.0,0.0,40.0
2025-06-18--17h-46m-54s,0.0,40.0,0.0,0.0,40.0
2025-06-18--17h-46m-54s,0.0,39.0,1.0,0.0,40.0
2025-06-18--17h-46m-54s,1.0,39.0,0.0,0.0,40.0
2025-06-18--17h-46m-54s,0.0,40.0,0.0,0.0,40.0
2025-06-18--17h-46m-54s,1.0,38.0,1.0,0.0,40.0
2025-06-18--17h-46m-54s,0.0,40.0,0.0,0.0,40.0
2025-06-18--17h-46m-54s,1.0,36.0,3.0,0.0,40.0
2025-06-18--17h-46m-54s,1.0,38.0,1.0,0.0,40.0
2025-06-18--17h-46m-54s,0.0,40.0,0.0,0.0,40.0
2025-06-18--17h-46m-54s,0.0,38.0,2.0,0.0,40.0
2025-06-18--17h-46m-54s,1.0,38.0,1.0,0.0,40.0
2025-06-18--17h-46m-54s,1.0,38.0,1.0,0.0,40.0
2025-06-18--17h-46m-54s,0.0,39.0,1.0,0.0,40.0
2025-06-18--17h-46m-54s,1.0,39.0,0.0,0.0,40.0
2025-06-18--17h-46m-54s,1.0,39.0,0.0,0.0,40.0
2025-06-18--17h-46m-54s,0.0,40.0,0.0,0.0,40.0
2025-06-18--17h-46m-54s,0.0,40.0,0.0,0.0,40.0
2025-06-18--17h-46m-54s,2.0,38.0,0.0,0.0,40.0
2025-06-18--17h-46m-54s,0.0,38.0,2.0,0.0,40.0
2025-06-18--17h-46m-54s,1.0,38.0,1.0,0.0,40.0
2025-06-18--17h-46m-54s,2.0,36.0,2.0,0.0,40.0
2025-06-18--17h-46m-54s,0.0,39.0,1.0,0.0,40.0
2025-06-18--17h-46m-54s,2.0,38.0,0.0,0.0,40.0
2025-06-18--17h-46m-54s,0.0,37.0,3.0,0.0,40.0
2025-06-18--17h-46m-54s,0.0,39.0,1.0,0.0,40.0
2025-06-18--17h-46m-54s,1.0,36.0,3.0,0.0,40.0
2025-06-18--17h-46m-54s,0.0,39.0,1.0,0.0,40.0
2025-06-18--17h-46m-54s,1.0,38.0,1.0,0.0,40.0
2025-06-18--17h-46m-54s,1.0,39.0,0.0,0.0,40.0
2025-06-18--17h-46m-54s,0.0,40.0,0.0,0.0,40.0
2025-06-18--17h-46m-54s,1.0,39.0,0.0,0.0,40.0
2025-06-18--17h-46m-54s,0.0,39.0,1.0,0.0,40.0
2025-06-18--17h-46m-54s,3.0,37.0,0.0,0.0,40.0
2025-06-18--17h-46m-54s,0.0,40.0,0.0,0.0,40.0
2025-06-18--17h-46m-54s,0.0,40.0,0.0,0.0,40.0
2025-06-18--17h-46m-54s,2.0,36.0,2.0,0.0,40.0
2025-06-18--17h-46m-54s,1.0,38.0,0.0,1.0,40.0
2025-06-18--17h-46m-54s,1.0,38.0,1.0,0.0,40.0
2025-06-18--17h-46m-54s,0.0,39.0,1.0,0.0,40.0
2025-06-18--17h-46m-54s,0.0,40.0,0.0,0.0,40.0
2025-06-18--17h-46m-54s,1.0,39.0,0.0,0.0,40.0
2025-06-18--17h-46m-54s,0.0,38.0,2.0,0.0,40.0
2025-06-18--17h-46m-54s,1.0,37.0,2.0,0.0,40.0
2025-06-18--17h-46m-54s,0.0,39.0,1.0,0.0,40.0
2025-06-18--17h-46m-54s,2.0,38.0,0.0,0.0,40.0
2025-06-18--17h-46m-54s,0.0,40.0,0.0,0.0,40.0
2025-06-18--17h-46m-54s,1.0,38.0,1.0,0.0,40.0
2025-06-18--17h-46m-54s,0.0,39.0,1.0,0.0,40.0
2025-06-18--17h-46m-54s,0.0,37.0,3.0,0.0,40.0
2025-06-18--17h-46m-54s,0.0,40.0,0.0,0.0,40.0
2025-06-18--17h-46m-54s,1.0,38.0,1.0,0.0,40.0
2025-06-18--17h-46m-54s,1.0,38.0,1.0,0.0,40.0
2025-06-18--17h-46m-54s,0.0,39.0,1.0,0.0,40.0
2025-06-18--17h-46m-54s,0.0,38.0,2.0,0.0,40.0
2025-06-18--17h-46m-54s,0.0,40.0,0.0,0.0,40.0
2025-06-18--17h-46m-54s,0.0,39.0,1.0,0.0,40.0
2025-06-18--17h-46m-54s,0.0,39.0,1.0,0.0,40.0
2025-06-18--17h-46m-54s,0.0,39.0,1.0,0.0,40.0
2025-06-18--17h-46m-54s,0.0,39.0,1.0,0.0,40.0
2025-06-18--17h-46m-54s,0.0,40.0,0.0,0.0,40.0
2025-06-18--17h-46m-54s,0.0,40.0,0.0,0.0,40.0
2025-06-18--17h-46m-54s,3.0,36.0,1.0,0.0,40.0
2025-06-18--17h-46m-54s,0.0,40.0,0.0,0.0,40.0
2025-06-18--17h-46m-54s,3.0,37.0,0.0,0.0,40.0
2025-06-18--17h-46m-54s,0.0,39.0,1.0,0.0,40.0
2025-06-18--17h-46m-54s,0.0,40.0,0.0,0.0,40.0
2025-06-18--17h-46m-54s,0.0,40.0,0.0,0.0,40.0
2025-06-18--17h-46m-54s,0.0,39.0,1.0,0.0,40.0
2025-06-18--17h-46m-54s,0.0,40.0,0.0,0.0,40.0
2025-06-18--17h-46m-54s,2.0,36.0,2.0,0.0,40.0
2025-06-18--17h-46m-54s,1.0,39.0,0.0,0.0,40.0
2025-06-18--17h-46m-54s,1.0,39.0,0.0,0.0,40.0
2025-06-18--17h-46m-54s,0.0,39.0,1.0,0.0,40.0
2025-06-18--17h-46m-54s,3.0,37.0,0.0,0.0,40.0
2025-06-18--17h-46m-54s,1.0,38.0,1.0,0.0,40.0
2025-06-18--17h-46m-54s,1.0,39.0,0.0,0.0,40.0
2025-06-18--17h-46m-54s,0.0,39.0,1.0,0.0,40.0
2025-06-18--17h-46m-54s,0.0,39.0,1.0,0.0,40.0
2025-06-18--17h-46m-54s,2.0,38.0,0.0,0.0,40.0
2025-06-18--17h-46m-54s,2.0,38.0,0.0,0.0,40.0
2025-06-18--17h-46m-54s,0.0,40.0,0.0,0.0,40.0
2025-06-18--17h-46m-54s,2.0,36.0,2.0,0.0,40.0
2025-06-18--17h-46m-54s,2.0,37.0,1.0,0.0,40.0
2025-06-18--17h-46m-54s,0.0,38.0,2.0,0.0,40.0
2025-06-18--17h-46m-54s,1.0,39.0,0.0,0.0,40.0
2025-06-18--17h-46m-54s,1.0,38.0,1.0,0.0,40.0
2025-06-18--17h-46m-54s,0.0,40.0,0.0,0.0,40.0
2025-06-18--17h-46m-54s,2.0,36.0,2.0,0.0,40.0
2025-06-18--17h-46m-54s,1.0,39.0,0.0,0.0,40.0
2025-06-18--17h-46m-54s,1.0,39.0,0.0,0.0,40.0
2025-06-18--17h-46m-54s,0.0,40.0,0.0,0.0,40.0
2025-06-18--17h-46m-54s,0.0,40.0,0.0,0.0,40.0
2025-06-18--17h-46m-54s,1.0,39.0,0.0,0.0,40.0
2025-06-18--17h-46m-54s,0.0,40.0,0.0,0.0,40.0
2025-06-18--17h-46m-54s,0.0,40.0,0.0,0.0,40.0
2025-06-18--17h-46m-54s,0.0,39.0,1.0,0.0,40.0
2025-06-18--17h-46m-54s,2.0,37.0,1.0,0.0,40.0
2025-06-18--17h-46m-54s,0.0,39.0,1.0,0.0,40.0
2025-06-18--17h-46m-54s,0.0,39.0,1.0,0.0,40.0
2025-06-18--17h-46m-54s,0.0,39.0,1.0,0.0,40.0
2025-06-18--17h-46m-54s,0.0,40.0,0.0,0.0,40.0
2025-06-18--17h-46m-54s,2.0,37.0,1.0,0.0,40.0
2025-06-18--17h-46m-54s,1.0,39.0,0.0,0.0,40.0
2025-06-18--17h-46m-54s,0.0,37.0,3.0,0.0,40.0
2025-06-18--17h-46m-54s,0.0,39.0,1.0,0.0,40.0
2025-06-18--17h-46m-54s,1.0,39.0,0.0,0.0,40.0
2025-06-18--17h-46m-54s,0.0,38.0,2.0,0.0,40.0
2025-06-18--17h-46m-54s,0.0,39.0,1.0,0.0,40.0
2025-06-18--17h-46m-54s,0.0,39.0,1.0,0.0,40.0
2025-06-18--17h-46m-54s,0.0,39.0,1.0,0.0,40.0
2025-06-18--17h-46m-54s,1.0,39.0,0.0,0.0,40.0
2025-06-18--17h-46m-54s,2.0,36.0,2.0,0.0,40.0
2025-06-18--17h-46m-54s,1.0,39.0,0.0,0.0,40.0
2025-06-18--17h-46m-54s,2.0,36.0,2.0,0.0,40.0
2025-06-18--17h-46m-54s,1.0,39.0,0.0,0.0,40.0
2025-06-18--17h-46m-54s,2.0,38.0,0.0,0.0,40.0
2025-06-18--17h-46m-54s,0.0,39.0,1.0,0.0,40.0
2025-06-18--17h-46m-54s,0.0,40.0,0.0,0.0,40.0
2025-06-18--17h-46m-54s,2.0,38.0,0.0,0.0,40.0
2025-06-18--17h-46m-54s,0.0,39.0,1.0,0.0,40.0
2025-06-18--17h-46m-54s,1.0,38.0,1.0,0.0,40.0
2025-06-18--17h-46m-54s,1.0,38.0,1.0,0.0,40.0
2025-06-18--17h-46m-54s,3.0,37.0,0.0,0.0,40.0
2025-06-18--17h-46m-54s,1.0,38.0,1.0,0.0,40.0
2025-06-18--17h-46m-54s,0.0,40.0,0.0,0.0,40.0
2025-06-18--17h-46m-54s,0.0,40.0,0.0,0.0,40.0
2025-06-18--17h-46m-54s,2.0,36.0,2.0,0.0,40.0
2025-06-18--17h-46m-54s,1.0,38.0,1.0,0.0,40.0
2025-06-18--17h-46m-54s,0.0,38.0,2.0,0.0,40.0
2025-06-18--17h-46m-54s,0.0,40.0,0.0,0.0,40.0
2025-06-18--17h-46m-54s,0.0,39.0,1.0,0.0,40.0
2025-06-18--17h-46m-54s,0.0,39.0,1.0,0.0,40.0
2025-06-18--17h-46m-54s,0.0,40.0,0.0,0.0,40.0
2025-06-18--17h-46m-54s,0.0,40.0,0.0,0.0,40.0
2025-06-18--17h-46m-54s,0.0,39.0,1.0,0.0,40.0
2025-06-18--17h-46m-54s,1.0,37.0,2.0,0.0,40.0
2025-06-18--17h-46m-54s,1.0,39.0,0.0,0.0,40.0
2025-06-18--17h-46m-54s,1.0,37.0,2.0,0.0,40.0
2025-06-18--17h-46m-54s,2.0,38.0,0.0,0.0,40.0
2025-06-18--17h-46m-54s,1.0,39.0,0.0,0.0,40.0
2025-06-18--17h-46m-54s,0.0,39.0,1.0,0.0,40.0
2025-06-18--17h-46m-54s,1.0,37.0,2.0,0.0,40.0
2025-06-18--17h-46m-54s,2.0,36.0,2.0,0.0,40.0
2025-06-18--17h-46m-54s,0.0,40.0,0.0,0.0,40.0
2025-06-18--17h-46m-54s,0.0,38.0,2.0,0.0,40.0
2025-06-18--17h-46m-54s,1.0,39.0,0.0,0.0,40.0
2025-06-18--17h-46m-54s,1.0,37.0,2.0,0.0,40.0
2025-06-18--17h-46m-54s,0.0,38.0,2.0,0.0,40.0
2025-06-18--17h-46m-54s,0.0,40.0,0.0,0.0,40.0
2025-06-18--17h-46m-54s,1.0,39.0,0.0,0.0,40.0
2025-06-18--17h-46m-54s,0.0,39.0,1.0,0.0,40.0
2025-06-18--17h-46m-54s,2.0,38.0,0.0,0.0,40.0
2025-06-18--17h-46m-54s,1.0,37.0,2.0,0.0,40.0
2025-06-18--17h-46m-54s,0.0,38.0,1.0,1.0,40.0
2025-06-18--17h-46m-54s,1.0,39.0,0.0,0.0,40.0
2025-06-18--17h-46m-54s,1.0,39.0,0.0,0.0,40.0
2025-06-18--17h-46m-54s,0.0,36.0,4.0,0.0,40.0
2025-06-18--17h-46m-54s,2.0,37.0,1.0,0.0,40.0
2025-06-18--17h-46m-54s,0.0,38.0,2.0,0.0,40.0
2025-06-18--17h-46m-54s,0.0,40.0,0.0,0.0,40.0
2025-06-18--17h-46m-54s,0.0,40.0,0.0,0.0,40.0
2025-06-18--17h-46m-54s,0.0,40.0,0.0,0.0,40.0
2025-06-18--17h-46m-54s,1.0,39.0,0.0,0.0,40.0
2025-06-18--17h-46m-54s,1.0,38.0,1.0,0.0,40.0
2025-06-18--17h-46m-54s,1.0,39.0,0.0,0.0,40.0
2025-06-18--17h-46m-54s,1.0,38.0,1.0,0.0,40.0
2025-06-18--17h-46m-54s,0.0,40.0,0.0,0.0,40.0
2025-06-18--17h-46m-54s,0.0,38.0,2.0,0.0,40.0
2025-06-18--17h-46m-54s,4.0,36.0,0.0,0.0,40.0
2025-06-18--17h-46m-54s,1.0,39.0,0.0,0.0,40.0
2025-06-18--17h-46m-54s,0.0,40.0,0.0,0.0,40.0
2025-06-18--17h-46m-54s,1.0,38.0,1.0,0.0,40.0
2025-06-18--17h-46m-54s,1.0,39.0,0.0,0.0,40.0
2025-06-18--17h-46m-54s,0.0,39.0,1.0,0.0,40.0
2025-06-18--17h-46m-54s,1.0,37.0,2.0,0.0,40.0
2025-06-18--17h-46m-54s,0.0,39.0,1.0,0.0,40.0
2025-06-18--17h-46m-54s,0.0,39.0,1.0,0.0,40.0
2025-06-18--17h-46m-54s,0.0,40.0,0.0,0.0,40.0
2025-06-18--17h-46m-54s,1.0,39.0,0.0,0.0,40.0
2025-06-18--17h-46m-54s,2.0,38.0,0.0,0.0,40.0
2025-06-18--17h-46m-54s,0.0,40.0,0.0,0.0,40.0
2025-06-18--17h-46m-54s,2.0,38.0,0.0,0.0,40.0
2025-06-18--17h-46m-54s,3.0,37.0,0.0,0.0,40.0
2025-06-18--17h-46m-54s,0.0,40.0,0.0,0.0,40.0
2025-06-18--17h-46m-54s,0.0,40.0,0.0,0.0,40.0
2025-06-18--17h-46m-54s,1.0,38.0,1.0,0.0,40.0
2025-06-18--17h-46m-54s,1.0,39.0,0.0,0.0,40.0
2025-06-18--17h-46m-54s,0.0,38.0,2.0,0.0,40.0
2025-06-18--17h-46m-54s,1.0,38.0,1.0,0.0,40.0
2025-06-18--17h-46m-54s,2.0,38.0,0.0,0.0,40.0
2025-06-18--17h-46m-54s,0.0,40.0,0.0,0.0,40.0
2025-06-18--17h-46m-54s,1.0,39.0,0.0,0.0,40.0
2025-06-18--17h-46m-54s,1.0,39.0,0.0,0.0,40.0
2025-06-18--17h-46m-54s,1.0,37.0,2.0,0.0,40.0
2025-06-18--17h-46m-54s,2.0,37.0,1.0,0.0,40.0
2025-06-18--17h-46m-54s,0.0,39.0,1.0,0.0,40.0
2025-06-18--17h-46m-54s,1.0,38.0,1.0,0.0,40.0
2025-06-18--17h-46m-54s,0.0,38.0,2.0,0.0,40.0
2025-06-18--17h-46m-54s,1.0,38.0,1.0,0.0,40.0
2025-06-18--17h-46m-54s,1.0,37.0,2.0,0.0,40.0
2025-06-18--17h-46m-54s,3.0,37.0,0.0,0.0,40.0
2025-06-18--17h-46m-54s,1.0,35.0,4.0,0.0,40.0
2025-06-18--17h-46m-54s,0.0,39.0,1.0,0.0,40.0
2025-06-18--17h-46m-54s,1.0,38.0,1.0,0.0,40.0
2025-06-18--17h-46m-54s,0.0,39.0,1.0,0.0,40.0
2025-06-18--17h-46m-54s,1.0,39.0,0.0,0.0,40.0
2025-06-18--17h-46m-54s,0.0,40.0,0.0,0.0,40.0
2025-06-18--17h-46m-54s,1.0,39.0,0.0,0.0,40.0
2025-06-18--17h-46m-54s,1.0,38.0,1.0,0.0,40.0
2025-06-18--17h-46m-54s,0.0,40.0,0.0,0.0,40.0
2025-06-18--17h-46m-54s,0.0,40.0,0.0,0.0,40.0
2025-06-18--17h-46m-54s,0.0,40.0,0.0,0.0,40.0
2025-06-18--17h-46m-54s,1.0,38.0,1.0,0.0,40.0
2025-06-18--17h-46m-54s,2.0,36.0,2.0,0.0,40.0
2025-06-18--17h-46m-54s,0.0,40.0,0.0,0.0,40.0
2025-06-18--17h-46m-54s,0.0,39.0,1.0,0.0,40.0
2025-06-18--17h-46m-54s,1.0,39.0,0.0,0.0,40.0
2025-06-18--17h-46m-54s,0.0,38.0,2.0,0.0,40.0
2025-06-18--17h-46m-54s,2.0,36.0,2.0,0.0,40.0
2025-06-18--17h-46m-54s,1.0,38.0,1.0,0.0,40.0
2025-06-18--17h-46m-54s,2.0,37.0,1.0,0.0,40.0
2025-06-18--17h-46m-54s,0.0,40.0,0.0,0.0,40.0
2025-06-18--17h-46m-54s,1.0,38.0,1.0,0.0,40.0
2025-06-18--17h-46m-54s,2.0,38.0,0.0,0.0,40.0
2025-06-18--17h-46m-54s,1.0,39.0,0.0,0.0,40.0
2025-06-18--17h-46m-54s,0.0,40.0,0.0,0.0,40.0
2025-06-18--17h-46m-54s,0.0,40.0,0.0,0.0,40.0
2025-06-18--17h-46m-54s,0.0,39.0,1.0,0.0,40.0
2025-06-18--17h-46m-54s,0.0,40.0,0.0,0.0,40.0
2025-06-18--17h-46m-54s,0.0,39.0,1.0,0.0,40.0
2025-06-18--17h-46m-54s,1.0,39.0,0.0,0.0,40.0
2025-06-18--17h-46m-54s,3.0,37.0,0.0,0.0,40.0
2025-06-18--17h-46m-54s,2.0,37.0,1.0,0.0,40.0
2025-06-18--17h-46m-54s,1.0,38.0,1.0,0.0,40.0
2025-06-18--17h-46m-54s,0.0,40.0,0.0,0.0,40.0
2025-06-18--17h-46m-54s,2.0,37.0,1.0,0.0,40.0
2025-06-18--17h-46m-54s,1.0,37.0,2.0,0.0,40.0
2025-06-18--17h-46m-54s,2.0,37.0,1.0,0.0,40.0
2025-06-18--17h-46m-54s,0.0,38.0,2.0,0.0,40.0
2025-06-18--17h-46m-54s,0.0,39.0,1.0,0.0,40.0
2025-06-18--17h-46m-54s,1.0,37.0,2.0,0.0,40.0
2025-06-18--17h-46m-54s,1.0,38.0,1.0,0.0,40.0
2025-06-18--17h-46m-54s,0.0,39.0,1.0,0.0,40.0
2025-06-18--17h-46m-54s,1.0,39.0,0.0,0.0,40.0
2025-06-18--17h-46m-54s,0.0,39.0,1.0,0.0,40.0
2025-06-18--17h-46m-54s,0.0,39.0,1.0,0.0,40.0
2025-06-18--17h-46m-54s,1.0,38.0,1.0,0.0,40.0
2025-06-18--17h-46m-54s,1.0,39.0,0.0,0.0,40.0
2025-06-18--17h-46m-54s,0.0,39.0,1.0,0.0,40.0
2025-06-18--17h-46m-54s,1.0,38.0,1.0,0.0,40.0
2025-06-18--17h-46m-54s,1.0,39.0,0.0,0.0,40.0
2025-06-18--17h-46m-54s,1.0,39.0,0.0,0.0,40.0
2025-06-18--17h-46m-54s,1.0,39.0,0.0,0.0,40.0
2025-06-18--17h-46m-54s,0.0,40.0,0.0,0.0,40.0
2025-06-18--17h-46m-54s,0.0,38.0,2.0,0.0,40.0
2025-06-18--17h-46m-54s,0.0,40.0,0.0,0.0,40.0
2025-06-18--17h-46m-54s,1.0,38.0,1.0,0.0,40.0
2025-06-18--17h-46m-54s,0.0,39.0,1.0,0.0,40.0
2025-06-18--17h-46m-54s,1.0,39.0,0.0,0.0,40.0
2025-06-18--17h-46m-54s,0.0,40.0,0.0,0.0,40.0
2025-06-18--17h-46m-54s,1.0,38.0,1.0,0.0,40.0
2025-06-18--17h-46m-54s,1.0,38.0,1.0,0.0,40.0
2025-06-18--17h-46m-54s,1.0,39.0,0.0,0.0,40.0
2025-06-18--17h-46m-54s,0.0,39.0,1.0,0.0,40.0
2025-06-18--17h-46m-54s,0.0,40.0,0.0,0.0,40.0
2025-06-18--17h-46m-54s,0.0,39.0,1.0,0.0,40.0
2025-06-18--17h-46m-54s,0.0,39.0,1.0,0.0,40.0
2025-06-18--17h-46m-54s,1.0,38.0,1.0,0.0,40.0
2025-06-18--17h-46m-54s,1.0,38.0,1.0,0.0,40.0
2025-06-18--17h-46m-54s,0.0,39.0,1.0,0.0,40.0
2025-06-18--17h-46m-54s,1.0,39.0,0.0,0.0,40.0
2025-06-18--17h-46m-54s,0.0,39.0,1.0,0.0,40.0
2025-06-18--17h-46m-54s,1.0,39.0,0.0,0.0,40.0
2025-06-18--17h-46m-54s,0.0,39.0,1.0,0.0,40.0
2025-06-18--17h-46m-54s,2.0,37.0,1.0,0.0,40.0
2025-06-18--17h-46m-54s,1.0,39.0,0.0,0.0,40.0
2025-06-18--17h-46m-54s,1.0,38.0,1.0,0.0,40.0
2025-06-18--17h-46m-54s,1.0,39.0,0.0,0.0,40.0
2025-06-18--17h-46m-54s,0.0,40.0,0.0,0.0,40.0
2025-06-18--17h-46m-54s,0.0,40.0,0.0,0.0,40.0
2025-06-18--17h-46m-54s,1.0,38.0,1.0,0.0,40.0
2025-06-18--17h-46m-54s,1.0,37.0,2.0,0.0,40.0
2025-06-18--17h-46m-54s,2.0,36.0,2.0,0.0,40.0
2025-06-18--17h-46m-54s,0.0,39.0,1.0,0.0,40.0
2025-06-18--17h-46m-54s,1.0,38.0,1.0,0.0,40.0
2025-06-18--17h-46m-54s,0.0,40.0,0.0,0.0,40.0
2025-06-18--17h-46m-54s,1.0,37.0,2.0,0.0,40.0
2025-06-18--17h-46m-54s,0.0,38.0,2.0,0.0,40.0
2025-06-18--17h-46m-54s,0.0,39.0,1.0,0.0,40.0
2025-06-18--17h-46m-54s,0.0,40.0,0.0,0.0,40.0
2025-06-18--17h-46m-54s,0.0,40.0,0.0,0.0,40.0
2025-06-18--17h-46m-54s,0.0,40.0,0.0,0.0,40.0
2025-06-18--17h-46m-54s,3.0,37.0,0.0,0.0,40.0
2025-06-18--17h-46m-54s,1.0,39.0,0.0,0.0,40.0
2025-06-18--17h-46m-54s,0.0,40.0,0.0,0.0,40.0
2025-06-18--17h-46m-54s,0.0,40.0,0.0,0.0,40.0
2025-06-18--17h-46m-54s,1.0,39.0,0.0,0.0,40.0
2025-06-18--17h-46m-54s,0.0,40.0,0.0,0.0,40.0
2025-06-18--17h-46m-54s,1.0,39.0,0.0,0.0,40.0
2025-06-18--17h-46m-54s,1.0,37.0,2.0,0.0,40.0
2025-06-18--17h-46m-54s,0.0,38.0,2.0,0.0,40.0
2025-06-18--17h-46m-54s,1.0,37.0,2.0,0.0,40.0
2025-06-18--17h-46m-54s,1.0,37.0,2.0,0.0,40.0
2025-06-18--17h-46m-54s,1.0,38.0,1.0,0.0,40.0
2025-06-18--17h-46m-54s,0.0,39.0,1.0,0.0,40.0
2025-06-18--17h-46m-54s,1.0,36.0,3.0,0.0,40.0
2025-06-18--17h-46m-54s,1.0,39.0,0.0,0.0,40.0
2025-06-18--17h-46m-54s,1.0,39.0,0.0,0.0,40.0
2025-06-18--17h-46m-54s,1.0,39.0,0.0,0.0,40.0
2025-06-18--17h-46m-54s,1.0,39.0,0.0,0.0,40.0
2025-06-18--17h-46m-54s,0.0,36.0,4.0,0.0,40.0
2025-06-18--17h-46m-54s,0.0,39.0,1.0,0.0,40.0
2025-06-18--17h-46m-54s,0.0,38.0,2.0,0.0,40.0
2025-06-18--17h-46m-54s,0.0,39.0,1.0,0.0,40.0
2025-06-18--17h-46m-54s,1.0,39.0,0.0,0.0,40.0
2025-06-18--17h-46m-54s,2.0,37.0,1.0,0.0,40.0
2025-06-18--17h-46m-54s,0.0,40.0,0.0,0.0,40.0
2025-06-18--17h-46m-54s,2.0,37.0,1.0,0.0,40.0
2025-06-18--17h-46m-54s,0.0,40.0,0.0,0.0,40.0
2025-06-18--17h-46m-54s,0.0,40.0,0.0,0.0,40.0
2025-06-18--17h-46m-54s,1.0,39.0,0.0,0.0,40.0
2025-06-18--17h-46m-54s,1.0,38.0,1.0,0.0,40.0
2025-06-18--17h-46m-54s,0.0,39.0,1.0,0.0,40.0
2025-06-18--17h-46m-54s,0.0,39.0,1.0,0.0,40.0
2025-06-18--17h-46m-54s,0.0,39.0,1.0,0.0,40.0
2025-06-18--17h-46m-54s,0.0,40.0,0.0,0.0,40.0
2025-06-18--17h-46m-54s,0.0,39.0,1.0,0.0,40.0
2025-06-18--17h-46m-54s,0.0,40.0,0.0,0.0,40.0
2025-06-18--17h-46m-54s,0.0,40.0,0.0,0.0,40.0
2025-06-18--17h-46m-54s,1.0,39.0,0.0,0.0,40.0
2025-06-18--17h-46m-54s,0.0,40.0,0.0,0.0,40.0
2025-06-18--17h-46m-54s,1.0,39.0,0.0,0.0,40.0
2025-06-18--17h-46m-54s,0.0,39.0,1.0,0.0,40.0
2025-06-18--17h-46m-54s,1.0,39.0,0.0,0.0,40.0
2025-06-18--17h-46m-54s,1.0,35.0,4.0,0.0,40.0
2025-06-18--17h-46m-54s,2.0,38.0,0.0,0.0,40.0
2025-06-18--17h-46m-54s,0.0,38.0,2.0,0.0,40.0
2025-06-18--17h-46m-54s,1.0,39.0,0.0,0.0,40.0
2025-06-18--17h-46m-54s,0.0,40.0,0.0,0.0,40.0
2025-06-18--17h-46m-54s,0.0,39.0,1.0,0.0,40.0
2025-06-18--17h-46m-54s,0.0,40.0,0.0,0.0,40.0
2025-06-18--17h-46m-54s,1.0,38.0,1.0,0.0,40.0
2025-06-18--17h-46m-54s,0.0,40.0,0.0,0.0,40.0
2025-06-18--17h-46m-54s,1.0,39.0,0.0,0.0,40.0
2025-06-18--17h-46m-54s,0.0,39.0,1.0,0.0,40.0
2025-06-18--17h-46m-54s,0.0,40.0,0.0,0.0,40.0
2025-06-18--17h-46m-54s,1.0,38.0,1.0,0.0,40.0
2025-06-18--17h-46m-54s,1.0,37.0,2.0,0.0,40.0
2025-06-18--17h-46m-54s,1.0,38.0,1.0,0.0,40.0
2025-06-18--17h-46m-54s,0.0,40.0,0.0,0.0,40.0
2025-06-18--17h-46m-54s,1.0,39.0,0.0,0.0,40.0
2025-06-18--17h-46m-54s,1.0,38.0,1.0,0.0,40.0
2025-06-18--17h-46m-54s,0.0,39.0,1.0,0.0,40.0
2025-06-18--17h-46m-54s,0.0,39.0,1.0,0.0,40.0
2025-06-18--17h-46m-54s,1.0,38.0,1.0,0.0,40.0
2025-06-18--17h-46m-54s,2.0,37.0,1.0,0.0,40.0
2025-06-18--17h-46m-54s,2.0,37.0,1.0,0.0,40.0
2025-06-18--17h-46m-54s,1.0,38.0,1.0,0.0,40.0
2025-06-18--17h-46m-54s,0.0,40.0,0.0,0.0,40.0
2025-06-18--17h-46m-54s,0.0,40.0,0.0,0.0,40.0
2025-06-18--17h-46m-54s,1.0,38.0,1.0,0.0,40.0
2025-06-18--17h-46m-54s,1.0,39.0,0.0,0.0,40.0
2025-06-18--17h-46m-54s,1.0,39.0,0.0,0.0,40.0
2025-06-18--17h-46m-54s,1.0,39.0,0.0,0.0,40.0
2025-06-18--17h-46m-54s,0.0,40.0,0.0,0.0,40.0
2025-06-18--17h-46m-54s,0.0,40.0,0.0,0.0,40.0
2025-06-18--17h-46m-54s,2.0,38.0,0.0,0.0,40.0
2025-06-18--17h-46m-54s,1.0,39.0,0.0,0.0,40.0
2025-06-18--17h-46m-54s,0.0,40.0,0.0,0.0,40.0
2025-06-18--17h-46m-54s,2.0,38.0,0.0,0.0,40.0
2025-06-18--17h-46m-54s,2.0,38.0,0.0,0.0,40.0
2025-06-18--17h-46m-54s,1.0,39.0,0.0,0.0,40.0
2025-06-18--17h-46m-54s,1.0,39.0,0.0,0.0,40.0
2025-06-18--17h-46m-54s,0.0,40.0,0.0,0.0,40.0
2025-06-18--17h-46m-54s,1.0,39.0,0.0,0.0,40.0
2025-06-18--17h-46m-54s,1.0,38.0,1.0,0.0,40.0
2025-06-18--17h-46m-54s,1.0,37.0,2.0,0.0,40.0
2025-06-18--17h-46m-54s,0.0,40.0,0.0,0.0,40.0
2025-06-18--17h-46m-54s,2.0,37.0,1.0,0.0,40.0
2025-06-18--17h-46m-54s,2.0,37.0,1.0,0.0,40.0
2025-06-18--17h-46m-54s,0.0,40.0,0.0,0.0,40.0
2025-06-18--17h-46m-54s,0.0,39.0,1.0,0.0,40.0
2025-06-18--17h-46m-54s,1.0,39.0,0.0,0.0,40.0
2025-06-18--17h-46m-54s,0.0,39.0,1.0,0.0,40.0
2025-06-18--17h-46m-54s,1.0,39.0,0.0,0.0,40.0
2025-06-18--17h-46m-54s,1.0,39.0,0.0,0.0,40.0
2025-06-18--17h-46m-54s,0.0,40.0,0.0,0.0,40.0
2025-06-18--17h-46m-54s,3.0,37.0,0.0,0.0,40.0
2025-06-18--17h-46m-54s,1.0,38.0,1.0,0.0,40.0
2025-06-18--17h-46m-54s,1.0,37.0,2.0,0.0,40.0
2025-06-18--17h-46m-54s,0.0,40.0,0.0,0.0,40.0
2025-06-18--17h-46m-54s,1.0,39.0,0.0,0.0,40.0
2025-06-18--17h-46m-54s,0.0,40.0,0.0,0.0,40.0
2025-06-18--17h-46m-54s,1.0,39.0,0.0,0.0,40.0
2025-06-18--17h-46m-54s,0.0,37.0,3.0,0.0,40.0
2025-06-18--17h-46m-54s,1.0,38.0,1.0,0.0,40.0
2025-06-18--17h-46m-54s,0.0,40.0,0.0,0.0,40.0
2025-06-18--17h-46m-54s,0.0,37.0,3.0,0.0,40.0
2025-06-18--17h-46m-54s,3.0,37.0,0.0,0.0,40.0
2025-06-18--17h-46m-54s,0.0,40.0,0.0,0.0,40.0
2025-06-18--17h-46m-54s,1.0,39.0,0.0,0.0,40.0
2025-06-18--17h-46m-54s,1.0,39.0,0.0,0.0,40.0
2025-06-18--17h-46m-54s,1.0,38.0,1.0,0.0,40.0
2025-06-18--17h-46m-54s,0.0,40.0,0.0,0.0,40.0
2025-06-18--17h-46m-54s,1.0,39.0,0.0,0.0,40.0
2025-06-18--17h-46m-54s,0.0,40.0,0.0,0.0,40.0
2025-06-18--17h-46m-54s,1.0,38.0,1.0,0.0,40.0
2025-06-18--17h-46m-54s,0.0,39.0,1.0,0.0,40.0
2025-06-18--17h-46m-54s,1.0,39.0,0.0,0.0,40.0
2025-06-18--17h-46m-54s,1.0,39.0,0.0,0.0,40.0
2025-06-18--17h-46m-54s,2.0,38.0,0.0,0.0,40.0
2025-06-18--17h-46m-54s,0.0,39.0,1.0,0.0,40.0
2025-06-18--17h-46m-54s,2.0,37.0,1.0,0.0,40.0
2025-06-18--17h-46m-54s,0.0,38.0,2.0,0.0,40.0
2025-06-18--17h-46m-54s,0.0,38.0,2.0,0.0,40.0
2025-06-18--17h-46m-54s,0.0,40.0,0.0,0.0,40.0
2025-06-18--17h-46m-54s,0.0,40.0,0.0,0.0,40.0
2025-06-18--17h-46m-54s,0.0,39.0,1.0,0.0,40.0
2025-06-18--17h-46m-54s,0.0,39.0,1.0,0.0,40.0
2025-06-18--17h-46m-54s,0.0,40.0,0.0,0.0,40.0
2025-06-18--17h-46m-54s,1.0,37.0,2.0,0.0,40.0
2025-06-18--17h-46m-54s,2.0,38.0,0.0,0.0,40.0
2025-06-18--17h-46m-54s,0.0,39.0,1.0,0.0,40.0
2025-06-18--17h-46m-54s,0.0,40.0,0.0,0.0,40.0
2025-06-18--17h-46m-54s,1.0,37.0,2.0,0.0,40.0
2025-06-18--17h-46m-54s,0.0,40.0,0.0,0.0,40.0
2025-06-18--17h-46m-54s,0.0,39.0,1.0,0.0,40.0
2025-06-18--17h-46m-54s,1.0,39.0,0.0,0.0,40.0
2025-06-18--17h-46m-54s,0.0,39.0,1.0,0.0,40.0
2025-06-18--17h-46m-54s,0.0,40.0,0.0,0.0,40.0
2025-06-18--17h-46m-54s,0.0,38.0,2.0,0.0,40.0
2025-06-18--17h-46m-54s,0.0,38.0,2.0,0.0,40.0
2025-06-18--17h-46m-54s,1.0,39.0,0.0,0.0,40.0
2025-06-18--17h-46m-54s,1.0,38.0,1.0,0.0,40.0
2025-06-18--17h-46m-54s,1.0,38.0,1.0,0.0,40.0
2025-06-18--17h-46m-54s,0.0,39.0,1.0,0.0,40.0
2025-06-18--17h-46m-54s,0.0,40.0,0.0,0.0,40.0
2025-06-18--17h-46m-54s,1.0,39.0,0.0,0.0,40.0
2025-06-18--17h-46m-54s,0.0,40.0,0.0,0.0,40.0
2025-06-18--17h-46m-54s,2.0,38.0,0.0,0.0,40.0
2025-06-18--17h-46m-54s,1.0,36.0,3.0,0.0,40.0
2025-06-18--17h-46m-54s,2.0,38.0,0.0,0.0,40.0
2025-06-18--17h-46m-54s,1.0,37.0,2.0,0.0,40.0
2025-06-18--17h-46m-54s,0.0,40.0,0.0,0.0,40.0
2025-06-18--17h-46m-54s,2.0,37.0,1.0,0.0,40.0
2025-06-18--17h-46m-54s,1.0,38.0,1.0,0.0,40.0
2025-06-18--17h-46m-54s,3.0,37.0,0.0,0.0,40.0
2025-06-18--17h-46m-54s,1.0,39.0,0.0,0.0,40.0
2025-06-18--17h-46m-54s,0.0,40.0,0.0,0.0,40.0
2025-06-18--17h-46m-54s,0.0,40.0,0.0,0.0,40.0
2025-06-18--17h-46m-54s,1.0,39.0,0.0,0.0,40.0
2025-06-18--17h-46m-54s,1.0,37.0,2.0,0.0,40.0
2025-06-18--17h-46m-54s,0.0,40.0,0.0,0.0,40.0
2025-06-18--17h-46m-54s,1.0,36.0,3.0,0.0,40.0
2025-06-18--17h-46m-54s,1.0,39.0,0.0,0.0,40.0
2025-06-18--17h-46m-54s,0.0,39.0,1.0,0.0,40.0
2025-06-18--17h-46m-54s,0.0,39.0,1.0,0.0,40.0
2025-06-18--17h-46m-54s,1.0,39.0,0.0,0.0,40.0
2025-06-18--17h-46m-54s,1.0,38.0,1.0,0.0,40.0
2025-06-18--17h-46m-54s,0.0,39.0,1.0,0.0,40.0
2025-06-18--17h-46m-54s,0.0,38.0,2.0,0.0,40.0
2025-06-18--17h-46m-54s,1.0,38.0,1.0,0.0,40.0
2025-06-18--17h-46m-54s,1.0,38.0,1.0,0.0,40.0
2025-06-18--17h-46m-54s,1.0,39.0,0.0,0.0,40.0
2025-06-18--17h-46m-54s,1.0,39.0,0.0,0.0,40.0
2025-06-18--17h-46m-54s,1.0,39.0,0.0,0.0,40.0
2025-06-18--17h-46m-54s,0.0,40.0,0.0,0.0,40.0
2025-06-18--17h-46m-54s,0.0,38.0,2.0,0.0,40.0
2025-06-18--17h-46m-54s,1.0,39.0,0.0,0.0,40.0
2025-06-18--17h-46m-54s,0.0,37.0,3.0,0.0,40.0
2025-06-18--17h-46m-54s,0.0,40.0,0.0,0.0,40.0
2025-06-18--17h-46m-54s,1.0,38.0,1.0,0.0,40.0
2025-06-18--17h-46m-54s,0.0,40.0,0.0,0.0,40.0
2025-06-18--17h-46m-54s,0.0,40.0,0.0,0.0,40.0
2025-06-18--17h-46m-54s,1.0,37.0,2.0,0.0,40.0
2025-06-18--17h-46m-54s,1.0,38.0,0.0,1.0,40.0
2025-06-18--17h-46m-54s,0.0,39.0,1.0,0.0,40.0
2025-06-18--17h-46m-54s,0.0,40.0,0.0,0.0,40.0
2025-06-18--17h-46m-54s,0.0,39.0,1.0,0.0,40.0
2025-06-18--17h-46m-54s,0.0,40.0,0.0,0.0,40.0
2025-06-18--17h-46m-54s,0.0,40.0,0.0,0.0,40.0
2025-06-18--17h-46m-54s,2.0,38.0,0.0,0.0,40.0
2025-06-18--17h-46m-54s,0.0,40.0,0.0,0.0,40.0
2025-06-18--17h-46m-54s,0.0,39.0,1.0,0.0,40.0
2025-06-18--17h-46m-54s,0.0,39.0,1.0,0.0,40.0
2025-06-18--17h-46m-54s,1.0,39.0,0.0,0.0,40.0
2025-06-18--17h-46m-54s,0.0,39.0,1.0,0.0,40.0
2025-06-18--17h-46m-54s,0.0,39.0,1.0,0.0,40.0
2025-06-18--17h-46m-54s,0.0,40.0,0.0,0.0,40.0
2025-06-18--17h-46m-54s,1.0,38.0,1.0,0.0,40.0
2025-06-18--17h-46m-54s,1.0,37.0,2.0,0.0,40.0
2025-06-18--17h-46m-54s,0.0,40.0,0.0,0.0,40.0
2025-06-18--17h-46m-54s,2.0,37.0,1.0,0.0,40.0
2025-06-18--17h-46m-54s,0.0,38.0,2.0,0.0,40.0
2025-06-18--17h-46m-54s,0.0,40.0,0.0,0.0,40.0
2025-06-18--17h-46m-54s,1.0,38.0,1.0,0.0,40.0
2025-06-18--17h-46m-54s,1.0,39.0,0.0,0.0,40.0
2025-06-18--17h-46m-54s,0.0,40.0,0.0,0.0,40.0
2025-06-18--17h-46m-54s,0.0,40.0,0.0,0.0,40.0
2025-06-18--17h-46m-54s,0.0,39.0,1.0,0.0,40.0
2025-06-18--17h-46m-54s,1.0,38.0,1.0,0.0,40.0
2025-06-18--17h-46m-54s,0.0,40.0,0.0,0.0,40.0
2025-06-18--17h-46m-54s,1.0,37.0,2.0,0.0,40.0
2025-06-18--17h-46m-54s,1.0,39.0,0.0,0.0,40.0
2025-06-18--17h-46m-54s,1.0,39.0,0.0,0.0,40.0
2025-06-18--17h-46m-54s,1.0,38.0,1.0,0.0,40.0
2025-06-18--17h-46m-54s,0.0,40.0,0.0,0.0,40.0
2025-06-18--17h-46m-54s,3.0,36.0,1.0,0.0,40.0
2025-06-18--17h-46m-54s,0.0,40.0,0.0,0.0,40.0
2025-06-18--17h-46m-54s,1.0,38.0,1.0,0.0,40.0
2025-06-18--17h-46m-54s,1.0,39.0,0.0,0.0,40.0
2025-06-18--17h-46m-54s,0.0,39.0,1.0,0.0,40.0
2025-06-18--17h-46m-54s,0.0,40.0,0.0,0.0,40.0
2025-06-18--17h-46m-54s,1.0,38.0,1.0,0.0,40.0
2025-06-18--17h-46m-54s,2.0,38.0,0.0,0.0,40.0
2025-06-18--17h-46m-54s,3.0,36.0,1.0,0.0,40.0
2025-06-18--17h-46m-54s,2.0,37.0,1.0,0.0,40.0
2025-06-18--17h-46m-54s,3.0,37.0,0.0,0.0,40.0
2025-06-18--17h-46m-54s,3.0,37.0,0.0,0.0,40.0
2025-06-18--17h-46m-54s,0.0,39.0,1.0,0.0,40.0
2025-06-18--17h-46m-54s,0.0,38.0,2.0,0.0,40.0
2025-06-18--17h-46m-54s,1.0,39.0,0.0,0.0,40.0
2025-06-18--17h-46m-54s,0.0,39.0,1.0,0.0,40.0
2025-06-18--17h-46m-54s,0.0,40.0,0.0,0.0,40.0
2025-06-18--17h-46m-54s,0.0,40.0,0.0,0.0,40.0
2025-06-18--17h-46m-54s,1.0,39.0,0.0,0.0,40.0
2025-06-18--17h-46m-54s,1.0,38.0,1.0,0.0,40.0
2025-06-18--17h-46m-54s,1.0,38.0,1.0,0.0,40.0
2025-06-18--17h-46m-54s,1.0,39.0,0.0,0.0,40.0
2025-06-18--17h-46m-54s,1.0,38.0,1.0,0.0,40.0
2025-06-18--17h-46m-54s,2.0,38.0,0.0,0.0,40.0
2025-06-18--17h-46m-54s,0.0,40.0,0.0,0.0,40.0
2025-06-18--17h-46m-54s,0.0,40.0,0.0,0.0,40.0
2025-06-18--17h-46m-54s,0.0,40.0,0.0,0.0,40.0
2025-06-18--17h-46m-54s,0.0,39.0,1.0,0.0,40.0
2025-06-18--17h-46m-54s,1.0,38.0,1.0,0.0,40.0
2025-06-18--17h-46m-54s,0.0,40.0,0.0,0.0,40.0
2025-06-18--17h-46m-54s,1.0,38.0,1.0,0.0,40.0
2025-06-18--17h-46m-54s,2.0,38.0,0.0,0.0,40.0
2025-06-18--17h-46m-54s,0.0,40.0,0.0,0.0,40.0
2025-06-18--17h-46m-54s,1.0,38.0,1.0,0.0,40.0
2025-06-18--17h-46m-54s,1.0,39.0,0.0,0.0,40.0
2025-06-18--17h-46m-54s,0.0,40.0,0.0,0.0,40.0
2025-06-18--17h-46m-54s,0.0,38.0,2.0,0.0,40.0
2025-06-18--17h-46m-54s,0.0,40.0,0.0,0.0,40.0
2025-06-18--17h-46m-54s,2.0,37.0,1.0,0.0,40.0
2025-06-18--17h-46m-54s,0.0,39.0,1.0,0.0,40.0
2025-06-18--17h-46m-54s,1.0,38.0,1.0,0.0,40.0
2025-06-18--17h-46m-54s,1.0,37.0,2.0,0.0,40.0
2025-06-18--17h-46m-54s,0.0,40.0,0.0,0.0,40.0
2025-06-18--17h-46m-54s,1.0,39.0,0.0,0.0,40.0
2025-06-18--17h-46m-54s,3.0,35.0,2.0,0.0,40.0
2025-06-18--17h-46m-54s,0.0,37.0,3.0,0.0,40.0
2025-06-18--17h-46m-54s,1.0,37.0,2.0,0.0,40.0
2025-06-18--17h-46m-54s,0.0,38.0,2.0,0.0,40.0
2025-06-18--17h-46m-54s,1.0,37.0,2.0,0.0,40.0
2025-06-18--17h-46m-54s,0.0,39.0,1.0,0.0,40.0
